0.21731882
0.42565614
0.36176342
0.5302203
0.3849967
0.22905247
0.447641
0.43765146
0.40134916
0.23879787
0.5357664
0.59479195
0.5393322
0.5803382
0.6399515
0.30635664
0.41573653
0.56416065
0.4069511
0.44658524
0.26375824
0.42399082
0.5110711
0.40348345
0.4735778
0.5424622
0.8892639
0.38936993
0.4478013
0.42548642
0.3274292
0.34900242
0.40477103
0.22849128
0.4134252
0.416571
0.45364064
0.27180198
0.33360836
0.43017063
0.28442144
0.51256305
0.68599594
0.22775523
0.6563987
0.25706357
0.42469913
0.4409081
0.43724188
0.37938148
0.4793969
0.36186352
0.5437125
0.35452792
0.49569035
0.5097272
0.37027413
0.4797123
0.20367225
0.42239165
0.47917572
0.54323226
0.54172564
0.38671812
0.3063805
0.47902346
0.45468798
0.45094496
0.9236519
0.4354682
0.42651653
0.28261274
0.25256902
0.40745106
0.5142592
0.3878922
0.43422455
0.5028757
0.27982348
0.4359235
0.42732286
0.6012267
0.4963654
0.32267898
0.24032195
0.459206
0.6149806
0.27782387
0.474586
0.43304998
0.39922625
0.4554146
0.43390322
0.49285755
0.4684298
0.51333153
0.32168883
0.498094
0.91300756
0.48619342
0.4436427
0.3498451
0.40747562
0.4226226
0.44571525
0.36237708
0.634295
0.18087068
0.38367662
0.43523836
0.48019943
0.509336
0.323217
0.8477152
0.41993016
0.59841406
0.4321219
0.31147993
0.23795435
0.442286
0.30284014
0.30839276
0.45497593
0.4871438
0.39558762
0.42040196
0.47377652
0.5140763
0.43087834
0.52565897
0.5043238
0.45531225
0.39204997
0.47561994
0.2736981
0.27015436
0.48567924
0.24820192
0.915761
0.70563316
0.44028673
0.464894
0.4083388
0.3304882
0.18604836
0.4185536
0.32326755
0.62765944
0.6849467
0.34012106
0.4927616
0.50231934
0.2631156
0.39725167
0.20543289
0.3998364
0.41664138
0.3038654
0.26584148
0.2788993
0.48439568
0.26697436
0.42547816
0.25591955
0.52634704
0.32968587
0.40067482
0.2661364
0.4573609
0.49244937
0.3511366
0.3445197
0.421143
0.8697459
0.49102956
0.3977639
0.56982803
0.2214581
0.47363096
0.2900804
0.5376099
0.53240216
0.37990594
0.43451166
0.48006868
0.35470763
0.39801547
0.506585
0.3841767
0.42257643
0.34876603
0.5027732
0.2587964
0.2474519
0.4110384
0.47752064
0.5377161
0.64310896
0.43013543
0.32757765
0.76815474
0.5094924
0.538653
0.41841763
0.46907037
0.5155792
0.44298506
0.5462307
0.4543251
0.37482563
0.36696276
0.3772452
0.46753898
0.44920546
0.3747158
0.63105935
0.38867456
0.50553745
0.6356724
0.43922955
0.49115902
0.81640375
0.44338483
0.15928127
0.3017171
0.72175145
0.537896
0.3331408
0.21263883
0.3597166
0.2877739
0.5616003
0.42631277
0.4699505
0.39913815
0.489878
0.8884508
0.40460983
0.38457957
0.22146857
0.34644708
0.49793187
0.22182193
0.28125477
0.40912095
0.4942878
0.7292025
0.38765678
0.61563617
0.41890186
0.41363925
0.46609467
0.28360707
0.6495136
0.35786086
0.48242122
0.49020258
0.31525844
0.6250314
0.43080407
0.33942398
0.39454326
0.2712765
0.51629937
0.42239803
0.20203216
0.44567078
0.55513155
0.5344404
0.43062752
0.58051336
0.37989515
0.39786658
0.6719998
0.2783385
0.42613846
0.52403235
0.49991065
0.28457382
0.33039016
0.5460199
0.19986084
0.4894231
0.48695388
0.48123115
0.23233095
0.15669641
0.43662342
0.5575187
0.5430446
0.43181667
0.3504871
0.5133056
0.48710364
0.37541637
0.37423667
0.54267627
0.45630985
0.37300736
0.24124365
0.40228796
0.29271936
0.53926146
0.5024394
0.3975385
0.57554615
0.8123582
0.31077504
0.5464011
0.47695464
0.38395944
0.48283958
0.33954474
0.2960897
0.42094404
0.6577259
0.2824942
0.5471033
0.21877642
0.31644863
0.89156055
0.43673724
0.49258813
0.61300486
0.52649724
0.4752472
0.4891925
0.2508667
0.41843468
0.45126805
0.36917153
0.35631627
0.3441648
0.3608046
0.15446489
0.35595003
0.40455398
0.41296178
0.44952306
0.38733822
0.34421933
0.810345
0.31973153
0.51701343
0.48774084
0.35479808
0.47149482
0.34300604
0.5224227
0.40353125
0.5131475
0.39999148
0.51538324
0.43442577
0.48763174
0.53814715
0.44994053
0.3732962
0.42218503
0.48188066
0.4711563
0.22779258
0.44352832
0.5088741
0.5191371
0.3864468
0.4218021
0.4011794
0.8583126
0.4113091
0.36117157
0.34934807
0.44759446
0.35068858
0.46268496
0.2989139
0.45696336
0.5903017
0.77019894
0.33462125
0.4978508
0.35597995
0.5137595
0.40813392
0.26968297
0.44241247
0.14207199
0.5437738
0.40549558
0.3920463
0.47761637
0.4720208
0.5370607
0.5734374
0.20859723
0.41785067
0.35635036
0.330159
0.4432231
0.44393706
0.92759866
0.53569627
0.39229423
0.5257748
0.46103716
0.26915193
0.24664588
0.4934885
0.4229447
0.3957011
0.5226518
0.51716286
0.47797948
0.43620977
0.5208354
0.51097745
0.1754639
0.23300087
0.4160776
0.49204072
0.4343218
0.53799236
0.36660796
0.3637558
0.41146326
0.41695672
0.91250306
0.3810137
0.5649376
0.5486762
0.66470927
0.5442595
0.41400528
0.32016948
0.67300737
0.90921676
0.398524
0.28831106
0.14421585
0.5472807
0.35255232
0.4929071
0.33910066
0.5160893
0.27385107
0.23248613
0.35627884
0.4820028
0.764643
0.52867305
0.5376444
0.35992947
0.53717804
0.44223776
0.6497123
0.52963036
0.21956491
0.5172142
0.5283603
0.46205792
0.4176956
0.5420803
0.48545456
0.27746767
0.42918596
0.46437845
0.44421253
0.43926907
0.8643773
0.51978976
0.59230834
0.46583652
0.41940522
0.46623397
0.27885872
0.38889584
0.4504516
0.46862316
0.35463476
0.41971907
0.40045613
0.33620495
0.3988278
0.550507
0.37137502
0.59727097
0.39249453
0.4123818
0.5362591
0.45486808
0.3768745
0.5168495
0.48800015
0.47251385
0.51071894
0.34230122
0.3064778
0.45026493
0.3110655
0.5550377
0.4101917
0.6284239
0.30566955
0.47771755
0.3908649
0.6369333
0.3290439
0.85428333
0.19232649
0.3453607
0.5452717
0.8313934
0.20426431
0.5103772
0.5118104
0.6642892
0.40082964
0.44605437
0.5928343
0.51350164
0.5134425
0.22938752
0.4937654
0.41394216
0.4971563
0.4473423
0.37078863
0.4301272
0.59921217
0.36275685
0.4335857
0.32459632
0.288039
0.33030146
0.5684766
0.452252
0.37086892
0.2929344
0.38789612
0.37840685
0.55295277
0.15925224
0.41567525
0.45223475
0.4495389
0.24734609
0.23691471
0.5042578
0.4514822
0.5018763
0.2948588
0.47101036
0.3631739
0.5416047
0.50983894
0.5389988
0.50952786
0.5161785
0.25744814
0.29536277
0.77446574
0.4076194
0.4128124
0.45979697
0.31459373
0.47537294
0.5513207
0.5322911
0.54241675
0.4656077
0.48983216
0.6087202
0.4064346
0.52392566
0.5549237
0.33164746
0.34520134
0.21331725
0.43264708
0.51229864
0.37905043
0.49635458
0.26553828
0.3990303
0.44734016
0.6107249
0.32537425
0.45201778
0.2754246
0.46829134
0.4997715
0.47822848
0.26902813
0.24048474
0.5083497
0.17421257
0.44271484
0.44007024
0.3981591
0.4947955
0.32268587
0.38892093
0.53990144
0.3875764
0.45622548
0.5020418
0.83298314
0.40592352
0.4924797
0.44175434
0.23111007
0.45587558
0.8128613
0.44535914
0.80292034
0.28373218
0.51350164
0.7001578
0.43699408
0.59322673
0.8771969
0.5110609
0.4892311
0.29201704
0.44128412
0.43888465
0.3882555
0.31859142
0.52906674
0.6229038
0.5304507
0.7407521
0.6647704
0.36553463
0.3061983
0.43660742
0.44902247
0.6731885
0.4820978
0.70759165
0.5060807
0.43859664
0.39884576
0.45314914
0.50595444
0.37729877
0.50327194
0.64167655
0.29760838
0.20627911
0.5496159
0.26576036
0.51656777
0.92792684
0.463095
0.840696
0.5117365
0.32054052
0.4457592
0.33041734
0.68972147
0.28668603
0.36601144
0.5638553
0.72564065
0.51782954
0.43774337
0.42961192
0.47407255
0.36151066
0.20825803
0.61036885
0.44438988
0.2615913
0.38284487
0.4722808
0.5435771
0.45290676
0.46828604
0.30658716
0.40607786
0.57834446
0.45816666
0.4416983
0.82002795
0.46926576
0.4639794
0.3212314
0.40988636
0.36246368
0.5501164
0.92873085
0.4067072
0.44239736
0.8892639
0.5335508
0.47899503
0.31849056
0.2604723
0.5176653
0.22698979
0.39284503
0.43999276
0.2884615
0.47876495
0.41744757
0.37452793
0.57475483
0.5299595
0.45409927
0.527761
0.36657846
0.9159504
0.47579402
0.3502373
0.3491363
0.512735
0.34142604
0.42824918
0.38556477
0.41514713
0.4991139
0.42630777
0.33044642
0.32513896
0.5555498
0.4466359
0.41282135
0.92727804
0.44073042
0.30052614
0.47401333
0.5597073
0.44250888
0.4788909
0.3487138
0.266116
0.38063404
0.531467
0.71591383
0.6574697
0.55398554
0.44454318
0.39582688
0.40100652
0.41282377
0.3228093
0.35711545
0.29731643
0.34760803
0.33919066
0.45411325
0.3582539
0.44960675
0.46120095
0.43492323
0.23740533
0.57065445
0.49128994
0.2548265
0.30503583
0.27096695
0.5043873
0.4511339
0.40329772
0.5307971
0.6550048
0.3940555
0.72196794
0.6888375
0.2274535
0.311073
0.5292977
0.4038325
0.5155345
0.38592163
0.24787097
0.46728563
0.39697182
0.49904877
0.52249324
0.34835774
0.40176123
0.50803393
0.38277817
0.574641
0.4725091
0.45138818
0.475272
0.48906016
0.4432825
0.52205503
0.3758153
0.56569195
0.47146916
0.53367084
0.38827103
0.4906566
0.20047374
0.3660229
0.42081603
0.47542715
0.40251404
0.47729355
0.3232879
0.4518919
0.5852517
0.31198472
0.43201756
0.67349476
0.3645152
0.47227174
0.52339685
0.4456586
0.4649256
0.6088485
0.23594275
0.5607839
0.20586392
0.45663995
0.36444658
0.3925808
0.27031273
0.8370411
0.5061566
0.37555835
0.44411603
0.49460348
0.37286872
0.4795576
0.41390768
0.45568594
0.29602772
0.43276715
0.46558008
0.6602806
0.8058364
0.23225372
0.40578112
0.41733724
0.35048467
0.65802586
0.53623784
0.5003107
0.51979
0.45083818
0.3165569
0.36466423
0.40857658
0.3975922
0.3904222
0.3924889
0.45263228
0.5260151
0.42134887
0.51019174
0.66292363
0.6574697
0.4913423
0.17866503
0.37837243
0.40789407
0.45018458
0.35479492
0.4479312
0.42437536
0.33795667
0.43449068
0.38502532
0.62088275
0.5366589
0.48567683
0.44511572
0.49119633
0.41611823
0.9040559
0.3469117
0.3247804
0.48739824
0.49749804
0.795653
0.44210815
0.33044702
0.42911965
0.35912696
0.68271303
0.2662235
0.20972808
0.4186829
0.40947586
0.39401245
0.35699812
0.56021786
0.25913244
0.40923953
0.45652732
0.1558418
0.3259825
0.40920323
0.40415016
0.9286345
0.41545695
0.37667853
0.36024982
0.23923528
0.55206895
0.44541454
0.38137594
0.44685397
0.32709867
0.33552292
0.5150345
0.44566002
0.42128706
0.42499524
0.58621186
0.5367431
0.28670633
0.28552315
0.8814453
0.50362384
0.44641334
0.51915175
0.34556082
0.31112617
0.44650936
0.4163682
0.38445324
0.58947474
0.54497784
0.33769664
0.51268375
0.4558298
0.53751254
0.827491
0.5984763
0.17915949
0.24880631
0.4438819
0.4025856
0.49664322
0.49315152
0.5743052
0.29475063
0.92163694
0.3410473
0.31994385
0.6476157
0.39383644
0.61611956
0.5893375
0.44109902
0.39906043
0.37222153
0.3342844
0.73880035
0.54900897
0.4513629
0.8653949
0.42420417
0.34863347
0.3969476
0.49323004
0.44876972
0.8110665
0.88358176
0.24772277
0.2621358
0.45704883
0.33990318
0.9280909
0.24810329
0.32968205
0.32684913
0.44368362
0.6860639
0.5524666
0.8075865
0.16286558
0.6505213
0.33319956
0.45180655
0.45235157
0.2394602
0.40703917
0.5215548
0.59661853
0.4359437
0.37988958
0.52356213
0.45114318
0.5051595
0.4283843
0.6556443
0.40229297
0.42868072
0.42529124
0.41543293
0.30321532
0.40455285
0.38226604
0.42666274
0.4223991
0.3690701
0.35947758
0.41262656
0.355196
0.5771526
0.4301683
0.48844773
0.39578158
0.62606823
0.4564088
0.49083748
0.48591885
0.46907037
0.3646869
0.25615305
0.1939707
0.8903103
0.36228216
0.413484
0.42486447
0.33883142
0.4432785
0.7191485
0.4632298
0.46410045
0.5137787
0.26250687
0.390294
0.2723375
0.42444724
0.43220487
0.2920518
0.49860877
0.41893116
0.39890963
0.6282402
0.22104609
0.42578477
0.49390712
0.4829185
0.42208892
0.3229936
0.36704794
0.3549245
0.22955194
0.47158784
0.5753575
0.2507144
0.4810833
0.5641235
0.30797035
0.41906276
0.40338802
0.2910532
0.50592196
0.72537667
0.29203445
0.34358445
0.35499805
0.36088595
0.25075516
0.33315215
0.19815296
0.589184
0.18604107
0.4952324
0.26084298
0.40184218
0.5857002
0.36417365
0.27861148
0.44246763
0.19991094
0.35983688
0.29107
0.50189817
0.47488466
0.4797123
0.47616115
0.42935905
0.36814228
0.39011258
0.21484642
0.50905097
0.7588822
0.3882813
0.50253665
0.18762536
0.2427772
0.42377982
0.4307913
0.45424208
0.49686947
0.5138134
0.5186419
0.49404836
0.21938443
0.4347623
0.5301972
0.40798944
0.5187285
0.30200016
0.33764857
0.3862955
0.38078958
0.5152947
0.44483447
0.4872492
0.18765643
0.46621448
0.4229021
0.35597056
0.7303144
0.46672463
0.9180002
0.4934466
0.3688664
0.41042215
0.49958515
0.5615078
0.39131737
0.71460986
0.31015003
0.57402915
0.44508195
0.5001365
0.4474403
0.4782619
0.43567762
0.4544158
0.21482518
0.2493459
0.65049446
0.43273616
0.42416435
0.48555237
0.3802938
0.6042202
0.46505117
0.31804773
0.28039616
0.55001247
0.8975619
0.9182507
0.5303906
0.23779492
0.45038453
0.5599368
0.30409497
0.21706936
0.45167118
0.21512091
0.25815597
0.40891895
0.4441952
0.74458736
0.29619792
0.30237263
0.51178014
0.47043157
0.3173984
0.39266962
0.48926026
0.21351954
0.37700254
0.5323787
0.27045658
0.84545004
0.45615387
0.5180474
0.70335114
0.43590719
0.6592372
0.2793937
0.25087392
0.41314474
0.49417314
0.33281547
0.43527657
0.5050863
0.49282017
0.46488857
0.21550317
0.46788782
0.4396596
0.50792915
0.89292985
0.6468965
0.4742291
0.4092421
0.19515385
0.36605406
0.5659068
0.33397782
0.35678983
0.6219479
0.5456363
0.9236514
0.7455992
0.3240693
0.43862486
0.3676242
0.49903017
0.49063808
0.367817
0.45809802
0.37771696
0.50700027
0.92865133
0.51056224
0.42906833
0.39810416
0.42286745
0.45292664
0.4478062
0.6052443
0.43329757
0.8593031
0.49933344
0.91017693
0.3361846
0.526152
0.34968853
0.36455637
0.47307295
0.3919962
0.33742577
0.48721814
0.39432335
0.36750993
0.21870127
0.16329618
0.37455672
0.37347856
0.3853276
0.6409305
0.394113
0.2238377
0.42806864
0.6250314
0.61197543
0.36462712
0.35012072
0.48552006
0.36546198
0.503695
0.23209067
0.49619365
0.44002184
0.49852115
0.4508868
0.5421047
0.43008065
0.23648548
0.4970212
0.36346287
0.4335432
0.33644202
0.5478905
0.48876968
0.5409398
0.41083556
0.87276304
0.3346593
0.6556836
0.25406593
0.59561235
0.33380672
0.4435417
0.39015546
0.84979117
0.24772711
0.9054812
0.51248556
0.44195825
0.48826075
0.4603258
0.5165784
0.6259477
0.5343441
0.37652943
0.42318696
0.5046593
0.44532934
0.35476705
0.5399442
0.34842634
0.18841514
0.15648822
0.8260695
0.5114174
0.6645997
0.41281253
0.39758575
0.44533238
0.4658425
0.38748115
0.59790474
0.8735407
0.3281241
0.23452756
0.39859033
0.42732295
0.47183424
0.37009224
0.6610943
0.33531368
0.24516793
0.39931542
0.37253037
0.5084777
0.35795695
0.26189464
0.45565778
0.47194052
0.4930736
0.39219227
0.22202249
0.44708452
0.497655
0.39087063
0.32019338
0.42559677
0.41419682
0.5157823
0.39015037
0.38483885
0.6102629
0.44463125
0.1936841
0.40613765
0.58422065
0.41529194
0.88502294
0.36051244
0.34574515
0.42727965
0.69915354
0.38710687
0.6092096
0.53805006
0.48536944
0.2783843
0.50167125
0.59207284
0.40509218
0.43795848
0.47690314
0.2811957
0.3570817
0.32760593
0.4421145
0.92702466
0.43930918
0.42662796
0.33552143
0.4931991
0.38652334
0.49974337
0.4142998
0.4469263
0.5033526
0.41458854
0.5728961
0.32338262
0.83532274
0.37516704
0.394173
0.45723695
0.33338636
0.44766718
0.6399225
0.5336224
0.9188754
0.31262994
0.3924082
0.24479619
0.45663872
0.3127383
0.92816603
0.38671035
0.47669834
0.22264464
0.46926516
0.41176257
0.6102085
0.41584855
0.35322946
0.18202028
0.4156422
0.5660982
0.66567284
0.3272919
0.571664
0.5208911
0.6595754
0.30685127
0.4407335
0.53136307
0.4256781
0.2946935
0.5210525
0.39349443
0.525813
0.45044217
0.6282355
0.40027505
0.4486916
0.4329446
0.66461706
0.4094785
0.49833828
0.45740277
0.482131
0.5600915
0.32952422
0.42646018
0.4406569
0.6262564
0.39006978
0.59788764
0.3916093
0.68939084
0.37494284
0.4136309
0.6377779
0.43257064
0.44820446
0.17838901
0.5485764
0.5134425
0.53205955
0.5312677
0.39718646
0.5443087
0.46571168
0.45727044
0.47681427
0.45288175
0.8925525
0.27768657
0.3962114
0.4204085
0.46218342
0.44461545
0.22990875
0.43068057
0.44074804
0.50643754
0.54570115
0.22859685
0.38153943
0.48774022
0.46728516
0.39712808
0.46584502
0.3356429
0.33889943
0.3418177
0.22358283
0.2861881
0.43858752
0.3390971
0.45257482
0.7440475
0.18166077
0.24734609
0.4268838
0.4009382
0.41273898
0.42014605
0.33178827
0.4699034
0.45605716
0.58063614
0.47814456
0.510713
0.34406105
0.3834751
0.4530847
0.9200584
0.5312093
0.35966915
0.42632285
0.34089452
0.34006086
0.43149948
0.26904356
0.57058626
0.4838102
0.4071222
0.8634454
0.6659243
0.75694084
0.41091308
0.6009796
0.43578857
0.39024144
0.45384032
0.2864477
0.31760532
0.52532864
0.563262
0.51767623
0.5010406
0.3760231
0.46563372
0.3411211
0.48633662
0.30224466
0.47017533
0.52401906
0.45959148
0.3581655
0.5110177
0.46481937
0.43833908
0.46883926
0.27942958
0.4582444
0.72404146
0.504951
0.31207925
0.3292722
0.4329288
0.5358022
0.25681594
0.4881025
0.18297419
0.5317378
0.9160827
0.32296997
0.537747
0.43307573
0.46003398
0.5441894
0.53119534
0.6129568
0.2742086
0.4462181
0.5309762
0.40939894
0.4941573
0.44188842
0.45048594
0.44000864
0.46794957
0.3260221
0.5372772
0.23764186
0.17284541
0.43627462
0.4808554
0.232633
0.41011256
0.43032393
0.5488469
0.47189817
0.36529768
0.57028896
0.48917693
0.43615523
0.51413834
0.39756837
0.28962502
0.43526107
0.47480416
0.32077718
0.2771932
0.40848488
0.24600689
0.7102865
0.47590858
0.3990399
0.38056356
0.509667
0.58823454
0.37666315
0.42391
0.3099941
0.4457926
0.48541337
0.46996793
0.42186636
0.4408218
0.771994
0.9280447
0.4382952
0.40273422
0.43118414
0.47648293
0.38970932
0.38379353
0.5633802
0.49447742
0.5373353
0.3599437
0.48278436
0.4052236
0.28817838
0.5666367
0.44917622
0.31583157
0.16681771
0.31420705
0.4636944
0.8612704
0.54526037
0.50796133
0.6099025
0.32067367
0.3797135
0.40051928
0.31245247
0.48940945
0.40068612
0.21425387
0.58824235
0.3271284
0.22108488
0.6250314
0.50654405
0.5527152
0.49261063
0.2512104
0.32952744
0.44326082
0.40360928
0.4871103
0.3779047
0.2441403
0.36707637
0.57476175
0.456528
0.41227174
0.30955657
0.3307306
0.70974475
0.39927226
0.31961158
0.43287125
0.51097745
0.37755328
0.385549
0.79987955
0.33362824
0.43002018
0.447419
0.2643109
0.22133724
0.23901466
0.48897585
0.2358361
0.41952753
0.29036528
0.3687261
0.42493644
0.24173836
0.26206335
0.42789236
0.32077593
0.34114617
0.62488717
0.5175373
0.51294196
0.5621336
0.5306368
0.4171494
0.472124
0.5320348
0.24412212
0.4845348
0.45809975
0.5798265
0.4007679
0.53112537
0.23764694
0.46166402
0.46420312
0.4961719
0.4594716
0.53516304
0.37673652
0.3832687
0.4338897
0.2525147
0.47391525
0.63676876
0.92782414
0.4116202
0.38336498
0.83507854
0.8997909
0.43827277
0.3509759
0.4738852
0.43083614
0.21731047
0.31051347
0.823295
0.8292303
0.9249795
0.27317291
0.37994245
0.47907272
0.29641864
0.7743205
0.55843496
0.48231512
0.54051477
0.6487533
0.4735899
0.4598055
0.4513596
0.3262108
0.32333788
0.502765
0.19950485
0.49775416
0.34028482
0.5315605
0.34993583
0.4434626
0.4698638
0.40879783
0.4713173
0.5060104
0.42144758
0.43674153
0.34450442
0.28981966
0.49767584
0.5152694
0.92560464
0.42377982
0.47978204
0.48642367
0.32515734
0.34917074
0.34967154
0.6165749
0.4022123
0.23683648
0.4911844
0.38928285
0.5437202
0.42413124
0.9078369
0.4657271
0.33008447
0.825943
0.6251965
0.50756335
0.41431102
0.57187194
0.61943734
0.35993427
0.37192726
0.459304
0.48613882
0.6182946
0.41873002
0.40652257
0.23691425
0.45819244
0.40384164
0.48794293
0.58949244
0.68166834
0.43007296
0.44643426
0.24069063
0.5181836
0.4632578
0.6173463
0.42148632
0.4238909
0.41911912
0.65065056
0.6043545
0.36159387
0.46430033
0.4433957
0.43805885
0.7276347
0.66186273
0.5063992
0.4791019
0.4766418
0.53995186
0.19609438
0.47703734
0.37011704
0.466252
0.553243
0.3893003
0.460474
0.53726876
0.29858366
0.43686938
0.47593084
0.41729575
0.5283603
0.4601407
0.40572557
0.4423221
0.34131977
0.41481104
0.3548828
0.32374474
0.55643904
0.6692088
0.36748824
0.38565534
0.3622542
0.28940794
0.50475407
0.4014876
0.5721114
0.416845
0.2251883
0.61251354
0.5152681
0.43236607
0.45873076
0.43697906
0.19310904
0.8136307
0.58497363
0.3421162
0.5073706
0.90329915
0.51378405
0.5038713
0.2765093
0.49315602
0.42950803
0.7645972
0.28071225
0.43911195
0.40595278
0.48107857
0.56304514
0.45161074
0.86990535
0.9153965
0.38154656
0.4637967
0.46792397
0.4405652
0.49612197
0.48308104
0.43347502
0.27731815
0.181469
0.36116755
0.40191412
0.4521965
0.2778063
0.6451496
0.43303496
0.45144743
0.40317592
0.41139942
0.26309854
0.3933718
0.37768328
0.82872474
0.46315733
0.44751507
0.48508602
0.25645095
0.47808385
0.4628521
0.4758114
0.45820826
0.5192021
0.26199847
0.92873085
0.3889477
0.5059806
0.3785207
0.41079777
0.42094225
0.44452772
0.3989844
0.41127276
0.53610456
0.22859824
0.49273324
0.41127905
0.25301427
0.56399715
0.46472186
0.19244441
0.35053727
0.5181664
0.38764903
0.53261465
0.6167162
0.43246946
0.2637708
0.72263086
0.57579863
0.3116905
0.43500656
0.18774521
0.4047323
0.35635036
0.4609007
0.4172658
0.47084078
0.6635079
0.8106944
0.52817994
0.43517113
0.49243698
0.27984515
0.48110843
0.43642077
0.47962284
0.2719937
0.5785491
0.50364345
0.53859067
0.55953914
0.38839915
0.8554298
0.43571296
0.46579123
0.36428285
0.48883304
0.588519
0.4458434
0.3812925
0.32784373
0.3350905
0.54611915
0.4163913
0.43759647
0.3636529
0.4803435
0.49769092
0.4612487
0.44610587
0.3409269
0.51505876
0.4248808
0.33394414
0.4108141
0.49321023
0.5335546
0.43153924
0.35685033
0.45628577
0.50908935
0.25738016
0.36760017
0.4230489
0.49170065
0.49318165
0.47595668
0.348678
0.32523683
0.5137627
0.5141167
0.45854235
0.4890061
0.3259944
0.46127218
0.48600608
0.5290753
0.4213318
0.27910754
0.5458766
0.23657
0.45568594
0.28065103
0.26684165
0.3331059
0.4223391
0.47146982
0.4446786
0.5335118
0.24040559
0.9259795
0.2618065
0.3627245
0.36639288
0.22104795
0.4098181
0.4222816
0.50412375
0.2885697
0.49152368
0.55879074
0.70253944
0.27305785
0.546342
0.501346
0.33621463
0.23730032
0.44312906
0.79789114
0.74313825
0.41477132
0.85489386
0.43775386
0.30579582
0.27450824
0.8245524
0.34882742
0.5240556
0.38532346
0.54380167
0.66061103
0.2359645
0.44170895
0.30693483
0.36982366
0.49634942
0.3508188
0.5131558
0.47053838
0.51274467
0.42838264
0.5703583
0.30910063
0.18226004
0.8902588
0.43587652
0.90608996
0.35380617
0.28826672
0.34884298
0.39823955
0.26865542
0.4138113
0.51271486
0.53131497
0.4812128
0.39974412
0.29054603
0.44791883
0.44563168
0.49500838
0.51648635
0.5424622
0.4205741
0.36718994
0.47564816
0.35632142
0.51305807
0.45221743
0.4644454
0.4869949
0.29987252
0.58882535
0.4906138
0.28812417
0.6517217
0.42917624
0.39995298
0.44734842
0.41781244
0.4886179
0.7494316
0.39238566
0.3764563
0.507749
0.4722767
0.34680527
0.42436734
0.56174344
0.17823443
0.46318254
0.28401086
0.46416885
0.33793086
0.1402926
0.31544065
0.20583408
0.4697042
0.61597574
0.5213882
0.47054425
0.22630863
0.43526682
0.28673175
0.4621283
0.4943673
0.3300919
0.2860809
0.46818462
0.24712822
0.44226632
0.42561942
0.44935092
0.36927027
0.6953468
0.32386026
0.46873468
0.5523064
0.4995273
0.33141592
0.23872153
0.49686438
0.40946585
0.3703329
0.4643113
0.31489027
0.34456986
0.34223527
0.4273047
0.50432473
0.38797456
0.486907
0.37396273
0.6006579
0.38184142
0.9124533
0.37441805
0.46620065
0.42158014
0.27596593
0.52834624
0.39068183
0.41147375
0.4796474
0.20111743
0.54487324
0.30738524
0.5321952
0.34762987
0.25034633
0.4834331
0.27623653
0.92256296
0.50049865
0.48281842
0.2917717
0.5522789
0.3710826
0.38020593
0.43073386
0.45193014
0.32415813
0.28812155
0.44241795
0.39095497
0.5828482
0.49354258
0.45468527
0.6379353
0.4602971
0.43549046
0.8801522
0.46587387
0.33098656
0.4353912
0.37456438
0.46643353
0.37240958
0.44950384
0.2597427
0.38463974
0.591426
0.40326166
0.37510616
0.4437286
0.49927932
0.51801527
0.7681079
0.42568046
0.2642238
0.1939707
0.47685355
0.77470493
0.57318515
0.7266766
0.41690296
0.535642
0.45735097
0.57475626
0.38642246
0.16645657
0.50522643
0.53177506
0.56570995
0.6012267
0.37297612
0.44687194
0.45159754
0.6300788
0.3386028
0.42786613
0.74660033
0.36361277
0.5260256
0.33976918
0.36272317
0.5077964
0.45488468
0.7494316
0.62307215
0.31393197
0.39479542
0.24547562
0.4739252
0.41158122
0.29931664
0.48705682
0.3478045
0.50573885
0.24657986
0.28355128
0.27997804
0.3842129
0.4427064
0.42529112
0.3554875
0.5240104
0.44520193
0.34121293
0.34933636
0.41533637
0.26572755
0.4915235
0.5191371
0.28036308
0.34810725
0.35928926
0.54371953
0.47051224
0.35218266
0.43557388
0.40932798
0.30754092
0.42877278
0.5077852
0.4877017
0.4913961
0.5749771
0.5222575
0.27447852
0.19339257
0.47564387
0.44863623
0.33487982
0.40534863
0.52911407
0.4383313
0.39196625
0.92332876
0.27430287
0.49925345
0.323204
0.507836
0.16237907
0.5373026
0.38145438
0.6363727
0.40340638
0.54076785
0.44240418
0.31378135
0.28030542
0.5108534
0.35546127
0.36805183
0.49939904
0.5222186
0.58824605
0.48758268
0.4878202
0.42970872
0.36274827
0.49733582
0.44502163
0.52812576
0.42360988
0.585589
0.44666114
0.36267054
0.5545324
0.56437826
0.17207554
0.4126572
0.74203616
0.40913147
0.43163633
0.16595851
0.6765954
0.424188
0.4273604
0.42578277
0.2917735
0.4621641
0.47497568
0.45853782
0.555172
0.3816208
0.5123232
0.4041625
0.44089636
0.4487192
0.7161314
0.47077122
0.52623993
0.30657083
0.43874416
0.36257356
0.31614056
0.40839306
0.42848563
0.4043991
0.3967212
0.4735004
0.465975
0.2613681
0.7697754
0.25574952
0.39358586
0.41757122
0.30237493
0.16580614
0.5374744
0.59751624
0.45228878
0.4835903
0.54904777
0.50520116
0.28088364
0.21318455
0.4747104
0.9279405
0.26720876
0.45203537
0.6736239
0.32940978
0.6162832
0.5522264
0.4369042
0.2639331
0.47506732
0.2728719
0.5084795
0.22762474
0.3888569
0.36479312
0.3298731
0.45317516
0.4819607
0.4497826
0.38233182
0.38438702
0.5318279
0.4237004
0.26277494
0.35839447
0.46994615
0.5277405
0.57705355
0.47107607
0.54455864
0.31806552
0.4384008
0.33520883
0.46810478
0.20172699
0.8933792
0.44713503
0.37290138
0.48141995
0.4456746
0.5310272
0.42406932
0.5238923
0.56949127
0.44236293
0.52907896
0.41371512
0.5017284
0.49445882
0.48528066
0.4870351
0.48919424
0.4868447
0.38619867
0.45235842
0.3005332
0.41629285
0.20151079
0.4740773
0.41130614
0.49261063
0.21915996
0.2652848
0.4004735
0.518985
0.22770628
0.45876485
0.36312777
0.39143163
0.43800107
0.34470123
0.5898525
0.36955944
0.6502017
0.63657635
0.61427945
0.31507093
0.3855165
0.6860813
0.510047
0.4834184
0.50401765
0.258818
0.5437697
0.17111023
0.42784372
0.30901766
0.40457907
0.47684175
0.29081303
0.33042496
0.22417815
0.38097796
0.37713823
0.4103455
0.6192681
0.549144
0.4382113
0.39109454
0.4463261
0.36151356
0.6970954
0.48283392
0.4164577
0.4035762
0.45357046
0.73428977
0.5663404
0.26550943
0.39501148
0.4404924
0.29871258
0.5966856
0.4401959
0.5102302
0.30837312
0.5014558
0.48800564
0.45174327
0.44821048
0.69404435
0.51059556
0.4275834
0.5365468
0.32447937
0.42104846
0.57266986
0.73543525
0.46732432
0.46982068
0.23274481
0.92784894
0.42675915
0.5307292
0.50492
0.43081713
0.48732328
0.46203145
0.47493798
0.53395766
0.6126706
0.71120036
0.3690266
0.60706264
0.4415074
0.47778335
0.29307362
0.22243348
0.2361222
0.72312343
0.37123227
0.57945013
0.66610074
0.59751624
0.32749486
0.9280909
0.46239576
0.37523073
0.23234332
0.3304971
0.44075757
0.9121753
0.42315847
0.41184855
0.23306438
0.47871876
0.36525005
0.53814155
0.17612286
0.44636998
0.3199265
0.4917664
0.37213746
0.579075
0.2183114
0.20553192
0.41913047
0.35359693
0.3936091
0.33857304
0.5863963
0.53946507
0.5962597
0.4911925
0.39349422
0.35814106
0.561164
0.4938932
0.35721672
0.31538397
0.38998216
0.49852115
0.44673476
0.46312046
0.37120062
0.43589726
0.4069852
0.485885
0.37638468
0.45360136
0.33795667
0.437465
0.5252634
0.40680504
0.46680218
0.42660818
0.4534936
0.29700586
0.4862272
0.41529107
0.40552577
0.27789134
0.42169017
0.4772237
0.46381444
0.76595527
0.4163824
0.50089204
0.8837894
0.6453138
0.5353223
0.5430846
0.36813125
0.41869465
0.48015895
0.34893367
0.3176433
0.26244825
0.4770053
0.50699204
0.6479061
0.57831657
0.5207423
0.7413634
0.8451513
0.47490376
0.23897806
0.42569762
0.49012786
0.521085
0.36879453
0.37402493
0.8110665
0.66728103
0.1465765
0.30549926
0.5462491
0.5354749
0.38512
0.5055723
0.48481527
0.4248014
0.40522212
0.42752814
0.5522789
0.8954214
0.34272107
0.30402154
0.31154937
0.56865823
0.5084623
0.18571588
0.40216374
0.5238271
0.42100143
0.4575966
0.28472626
0.50698614
0.6173463
0.4024585
0.57656544
0.52813745
0.26304036
0.1734713
0.5369687
0.4497157
0.27309355
0.36615914
0.91107893
0.56243193
0.66354054
0.8885819
0.8025519
0.3885297
0.4446934
0.42366248
0.21108973
0.39055058
0.37907606
0.4660921
0.46468148
0.4871355
0.40379754
0.37501776
0.45041245
0.3266468
0.40808144
0.6368863
0.2932224
0.45557603
0.40485564
0.33930653
0.46040517
0.4747104
0.3394371
0.4182983
0.46792015
0.49203318
0.477853
0.2737678
0.4680981
0.5548217
0.5116175
0.5343297
0.51011276
0.4414382
0.42444724
0.4243114
0.36895424
0.45666248
0.20937745
0.44928613
0.41702348
0.7132399
0.42944178
0.59139186
0.5038928
0.28600663
0.4744559
0.41356596
0.27777606
0.4733204
0.8563651
0.4201011
0.51305807
0.44147873
0.39900488
0.4653743
0.91300285
0.7901331
0.348264
0.41579947
0.44195336
0.2718597
0.46463865
0.5781107
0.47437105
0.4611849
0.29389253
0.46116298
0.37434873
0.49051523
0.5088259
0.56534255
0.66554725
0.3367062
0.32717896
0.4939549
0.7936863
0.41122207
0.827096
0.47001782
0.58146846
0.3880158
0.37427253
0.46205053
0.38999635
0.3881792
0.37086147
0.66728103
0.55289936
0.45737427
0.46014905
0.45706147
0.7709249
0.48227897
0.42759174
0.49297825
0.3663831
0.46404448
0.5600863
0.6420919
0.9096526
0.3715241
0.24290566
0.42334294
0.1708337
0.47449058
0.39998242
0.5433172
0.3038654
0.54305077
0.34507677
0.64127415
0.45117372
0.33241704
0.4167129
0.47700253
0.45314685
0.36455417
0.28696918
0.524474
0.4416736
0.44415468
0.37812114
0.45941362
0.5370372
0.8989456
0.480239
0.30227536
0.45590758
0.5017804
0.3743556
0.5141715
0.21298106
0.3304599
0.8683068
0.3580017
0.37679425
0.7118868
0.1761556
0.22659793
0.45104867
0.5397396
0.3781469
0.531808
0.5890772
0.51526445
0.46970958
0.926219
0.5860456
0.14714794
0.48157415
0.49161997
0.4930381
0.27034765
0.28725633
0.4763279
0.3814439
0.3236789
0.4519619
0.30750647
0.50713545
0.43799916
0.59291637
0.4629569
0.39208704
0.7989037
0.39842555
0.42377982
0.38439494
0.5451056
0.2232093
0.51303893
0.4209377
0.6827051
0.48940787
0.53471863
0.2373673
0.43592015
0.24834183
0.44555736
0.37183437
0.1664617
0.34728107
0.34000346
0.503338
0.448953
0.61878
0.43294397
0.43060118
0.38327438
0.40846673
0.35642678
0.7136841
0.9280693
0.4977765
0.3678139
0.25899395
0.39674342
0.4402775
0.9249474
0.44927678
0.48356813
0.58355826
0.45459366
0.38167372
0.4520363
0.48836264
0.5051092
0.92063016
0.4264459
0.4314006
0.43656096
0.43789205
0.3096549
0.47405738
0.23069079
0.44546795
0.42611384
0.5882599
0.68677354
0.36224025
0.4470188
0.32342917
0.42990452
0.32381782
0.47043508
0.4202083
0.28611732
0.40824246
0.48008937
0.45841426
0.34864166
0.3950219
0.4090063
0.32239437
0.51000386
0.32294315
0.46504155
0.37797627
0.31730643
0.38391027
0.39273208
0.3327883
0.19718918
0.523132
0.32397076
0.3885873
0.32476482
0.46159714
0.44899902
0.40465003
0.41577178
0.58804256
0.3342499
0.44111118
0.38267174
0.31271583
0.26256013
0.6508949
0.4764762
0.60056245
0.5246272
0.22626886
0.38128224
0.18712486
0.41376957
0.3910212
0.5094825
0.2606896
0.5333322
0.5343297
0.45790568
0.44982892
0.41987735
0.27407616
0.40115204
0.5097434
0.49490976
0.5777203
0.46737632
0.5129154
0.35913914
0.39189368
0.5444067
0.44077176
0.4778649
0.4676071
0.46092805
0.37767437
0.5157219
0.5379217
0.45560074
0.4870616
0.49278092
0.6797945
0.45664263
0.346891
0.23410404
0.60537463
0.32245865
0.534924
0.42727137
0.4135208
0.49788252
0.24804041
0.42473403
0.32232442
0.3607548
0.47832376
0.50345916
0.34714088
0.24513598
0.46456558
0.5230409
0.24057133
0.42881948
0.5570584
0.18830211
0.17828615
0.48102713
0.45806965
0.3576347
0.36140627
0.4449168
0.56575453
0.51948625
0.38440242
0.5551597
0.42555088
0.22904778
0.3645963
0.40573016
0.6769904
0.21834557
0.47628576
0.49814844
0.72641665
0.33497286
0.30516407
0.5290139
0.55013573
0.4720695
0.39541492
0.3302397
0.33856884
0.39656973
0.39031056
0.4261446
0.41472465
0.6314872
0.4836679
0.23295204
0.4959534
0.34324202
0.52906305
0.3818906
0.3610513
0.33941656
0.61657524
0.5205476
0.53569496
0.41254884
0.37286207
0.37455216
0.45265165
0.5944539
0.22860312
0.38170037
0.30918425
0.19854686
0.31325498
0.4230466
0.6399225
0.36469376
0.46008158
0.5139835
0.24221341
0.6250314
0.5759059
0.279262
0.923981
0.32089463
0.5730464
0.52177846
0.3525936
0.63649887
0.6546921
0.45871907
0.5176288
0.27136582
0.32072014
0.4550036
0.39265043
0.66417944
0.5242327
0.5580462
0.35593075
0.41468516
0.53694236
0.39152965
0.30110636
0.47760376
0.3110772
0.4554972
0.4998652
0.50763404
0.6007117
0.3836127
0.33730626
0.40319443
0.36349165
0.47066107
0.51935434
0.44970053
0.29497296
0.4967104
0.48112622
0.45288116
0.2295711
0.53788537
0.3201738
0.33379614
0.5169326
0.39180794
0.46211118
0.37655824
0.84970015
0.30862668
0.2315673
0.40347743
0.5785745
0.27631408
0.47874528
0.56634295
0.2504704
0.26363862
0.40834242
0.3382885
0.29274
0.5339142
0.8685565
0.50030893
0.35184428
0.4213656
0.46943408
0.53799236
0.3320859
0.40051347
0.47525674
0.50137025
0.20057595
0.42718306
0.91762626
0.3884725
0.45854235
0.19001098
0.40608096
0.24950925
0.5509504
0.4785932
0.33752775
0.50181466
0.92134154
0.27609953
0.81640375
0.4266726
0.32822615
0.9243151
0.5590918
0.28053123
0.4455077
0.5079231
0.47713766
0.40954965
0.59955484
0.45532113
0.63941956
0.4399744
0.44517064
0.69008625
0.34535295
0.49695396
0.35411897
0.50468826
0.4551386
0.48450184
0.9089956
0.21248026
0.49847516
0.54386693
0.7455992
0.3513608
0.25169244
0.6029206
0.52193624
0.43645066
0.3793467
0.521085
0.4262107
0.3940394
0.45911613
0.48909712
0.47785163
0.30180982
0.4772706
0.43891248
0.4306124
0.3748049
0.3649477
0.38750258
0.4597334
0.47674567
0.3362157
0.30132878
0.4256456
0.51256704
0.37101382
0.45141894
0.45208508
0.42389384
0.44961053
0.45866194
0.91762525
0.48957452
0.45841113
0.25957987
0.35179964
0.38184518
0.15804495
0.548015
0.7023826
0.3664412
0.7574551
0.42135197
0.4149665
0.374533
0.4840807
0.4307581
0.55049646
0.35551015
0.32594126
0.45691767
0.44695488
0.31429115
0.5026201
0.49093613
0.77714616
0.26285326
0.45645326
0.45266992
0.4973882
0.50344765
0.39082736
0.44540676
0.20266378
0.65715474
0.44025236
0.437746
0.5016652
0.4040393
0.26208258
0.40748224
0.5444191
0.4643496
0.23627338
0.37207904
0.54926646
0.5431941
0.50177187
0.2786528
0.3358581
0.31537706
0.42675453
0.4485027
0.44825727
0.5477582
0.6463729
0.48412704
0.4981908
0.31426543
0.32111093
0.6154567
0.19459364
0.42794785
0.3283007
0.439272
0.37199455
0.44762963
0.50330544
0.25353178
0.49678928
0.61586213
0.407749
0.26449415
0.31416
0.39519253
0.31190196
0.4935325
0.45790267
0.29778403
0.33609998
0.37212917
0.29166466
0.57426137
0.2601809
0.46195164
0.44623956
0.7104783
0.33575377
0.5825332
0.47089735
0.35042816
0.28954178
0.38898534
0.8509579
0.49954063
0.37033576
0.416845
0.3318056
0.38499632
0.38556612
0.327947
0.5324767
0.9270976
0.3725412
0.5838326
0.5229438
0.46172792
0.24568772
0.39035422
0.92573375
0.5602293
0.4499963
0.26065606
0.42741865
0.56138736
0.45443004
0.44511572
0.2300878
0.37867302
0.48336464
0.31102696
0.27899402
0.49082798
0.36972505
0.28043112
0.80458754
0.37478074
0.28762215
0.5125988
0.44211608
0.37216586
0.6827501
0.68653214
0.52477425
0.51076114
0.8154581
0.61611956
0.27920064
0.41244727
0.22257102
0.59753686
0.33223525
0.20176339
0.22844985
0.48617095
0.27998793
0.6945056
0.43541926
0.32397497
0.9051367
0.536383
0.43702573
0.5445131
0.5495974
0.59751624
0.5680006
0.42334834
0.15965933
0.4962906
0.42756456
0.4526847
0.49335328
0.24705501
0.32234943
0.64189255
0.45832294
0.59998864
0.34252948
0.49309808
0.8841373
0.46958178
0.4874448
0.4258144
0.4481236
0.34138644
0.24245921
0.36079556
0.4437129
0.40840715
0.4425432
0.47666138
0.39233372
0.28164476
0.3641103
0.27486998
0.5198717
0.29840153
0.2075294
0.54461133
0.443998
0.241757
0.29095966
0.5473771
0.43664914
0.36577755
0.58312523
0.44018173
0.44254455
0.3752466
0.5539507
0.43120843
0.41186547
0.45711774
0.3835793
0.40980047
0.6727483
0.45559472
0.7952539
0.31849322
0.5349606
0.44524843
0.4552514
0.3075446
0.46665296
0.25741354
0.23642604
0.4360005
0.30707544
0.4193515
0.47825995
0.44215044
0.508211
0.35793573
0.4032669
0.46918386
0.35147542
0.4859857
0.33314914
0.49574795
0.36246687
0.49552503
0.45585507
0.31414077
0.5112295
0.63126504
0.42789808
0.49430975
0.29414368
0.41044283
0.48782387
0.3801851
0.335909
0.34459957
0.4793969
0.26109368
0.39363942
0.81606495
0.249893
0.37982637
0.3958934
0.4615647
0.417705
0.27261832
0.4567229
0.57829225
0.4826301
0.41596913
0.34867114
0.49110526
0.50016713
0.41338253
0.4949997
0.34106332
0.4362588
0.36735973
0.6803764
0.4986406
0.27215406
0.31625164
0.64702547
0.7696637
0.34039685
0.4328342
0.453193
0.21349978
0.41227293
0.35539976
0.35442623
0.41381246
0.4715871
0.4287653
0.50896764
0.7574414
0.29585773
0.36632076
0.36538273
0.42891073
0.79536796
0.8838974
0.38585207
0.43652767
0.6241075
0.5698251
0.48590773
0.3770777
0.46901163
0.5927082
0.91107893
0.14502372
0.34118614
0.38582334
0.44584948
0.5575767
0.3193129
0.29973572
0.31674367
0.45674706
0.92767227
0.32034525
0.549621
0.41657886
0.3170877
0.4813362
0.17323084
0.44458356
0.43907428
0.7060681
0.66177785
0.33730942
0.19718918
0.14228961
0.58719003
0.47041744
0.49163276
0.46331483
0.3734705
0.46497115
0.494116
0.46146688
0.288097
0.4950089
0.43819618
0.4601894
0.5068625
0.34158185
0.3461809
0.37051716
0.15947166
0.4442769
0.5130164
0.4327348
0.44246164
0.73702997
0.65908
0.45050126
0.8952918
0.92003983
0.3135646
0.41191262
0.47568136
0.47463626
0.5484983
0.6581849
0.41000557
0.44520077
0.48074657
0.3249437
0.5820447
0.49298793
0.27535236
0.47270757
0.5182096
0.73244333
0.40959
0.35306668
0.4907774
0.373511
0.3978819
0.4084186
0.28329495
0.26828864
0.71293604
0.40967864
0.4378705
0.3586424
0.3792843
0.23909561
0.5168624
0.24714844
0.37641412
0.41485962
0.50896513
0.48413634
0.49741846
0.60481197
0.45667315
0.666029
0.7331601
0.4615758
0.33788052
0.43587852
0.38309234
0.25193134
0.61594504
0.29925555
0.29935035
0.46312618
0.3450654
0.60289097
0.54970753
0.46001762
0.911122
0.16853128
0.19656622
0.34844863
0.40721816
0.42775503
0.37937042
0.4576477
0.59638524
0.7120395
0.4456586
0.42637
0.4797043
0.46026558
0.33688816
0.5705327
0.45166403
0.35965994
0.27295455
0.2932224
0.5830163
0.39354438
0.2275472
0.4921903
0.28757402
0.40059072
0.42431298
0.3968905
0.35874584
0.33058062
0.40872836
0.45145845
0.44346943
0.43833345
0.49330807
0.71898067
0.42076555
0.40051347
0.3003637
0.4803714
0.3619601
0.38851935
0.3120248
0.5318438
0.5777007
0.5757032
0.45798355
0.46300715
0.76501733
0.37306327
0.42829925
0.52356327
0.47752562
0.4787725
0.4342068
0.80992067
0.42440957
0.4326991
0.47781563
0.2827167
0.5890772
0.3794706
0.54210985
0.17282447
0.36420345
0.43678385
0.61158603
0.47484913
0.46542567
0.45998994
0.30418733
0.51146585
0.57365817
0.4618787
0.42405424
0.6470294
0.47044668
0.63233525
0.41086063
0.6383335
0.46540952
0.35240823
0.42992243
0.5526309
0.5893869
0.33982927
0.48390308
0.47601318
0.53910637
0.50712955
0.40377825
0.32646668
0.45088825
0.4471702
0.5369228
0.5029987
0.511769
0.8889659
0.40856308
0.41311556
0.40716037
0.41936165
0.46905303
0.45076394
0.53777826
0.5050777
0.49303618
0.4233667
0.4402341
0.92661476
0.43958172
0.6808738
0.2035507
0.47732225
0.49852115
0.41614246
0.52917635
0.28493637
0.33490697
0.9281477
0.52575564
0.42099124
0.6038223
0.31314346
0.44670516
0.41275835
0.5972691
0.40703136
0.38355854
0.6675912
0.4636832
0.44397002
0.92784894
0.34738177
0.63657635
0.7712774
0.53905547
0.92677724
0.3903483
0.9141081
0.53981674
0.44811606
0.8063466
0.7164324
0.51743615
0.26627576
0.28204787
0.4323434
0.48864084
0.37425333
0.42551583
0.92585504
0.63235074
0.5927121
0.4310542
0.3257851
0.43285054
0.433388
0.2929631
0.5543793
0.29539648
0.42305097
0.2503086
0.41187662
0.35494906
0.39652818
0.26942036
0.4135991
0.4405027
0.4377237
0.5123351
0.2651034
0.42724317
0.63677835
0.51276565
0.37819707
0.35314003
0.269532
0.5887283
0.24513598
0.23181942
0.43781704
0.40208045
0.3988846
0.30892897
0.3668516
0.7064975
0.5688599
0.45788574
0.43694267
0.36951238
0.6833909
0.44997376
0.34054652
0.41872272
0.45821086
0.36705458
0.408992
0.6024435
0.56000197
0.38374722
0.9170111
0.39017257
0.3616762
0.5605141
0.22911787
0.40543538
0.7318574
0.4762175
0.44504827
0.36213338
0.922173
0.5011086
0.2127718
0.57479984
0.382729
0.91628647
0.41119495
0.46846142
0.43963498
0.49912947
0.35537168
0.28884926
0.6478473
0.22357042
0.20707652
0.3037439
0.43487707
0.5896298
0.265778
0.35629395
0.48109174
0.3409797
0.4505381
0.4555903
0.3358935
0.3890249
0.43809518
0.32251352
0.39877084
0.39393514
0.5196064
0.47206527
0.447496
0.44193354
0.6076224
0.40494663
0.5813646
0.34234467
0.37589905
0.44463915
0.30892357
0.47696328
0.49191123
0.43785864
0.5747069
0.44785804
0.42116255
0.17287952
0.69008625
0.59846836
0.37767947
0.66130024
0.28075188
0.43540955
0.4331836
0.6244968
0.20686889
0.49935856
0.5238646
0.56000984
0.30801934
0.6126927
0.41749948
0.4458724
0.43141064
0.6297404
0.5569353
0.34705633
0.40445918
0.45154962
0.2694468
0.38979077
0.4727829
0.56729347
0.4960443
0.46296716
0.29846165
0.3950487
0.4592542
0.31097972
0.6765954
0.44625872
0.48460546
0.5315614
0.5968235
0.57461846
0.34674475
0.4568314
0.6227311
0.37851387
0.48532867
0.4896306
0.3164627
0.30593425
0.46627766
0.4452668
0.5075275
0.44006437
0.5313913
0.4556787
0.27248353
0.3036746
0.37785608
0.42061076
0.56910264
0.38305625
0.20729479
0.40701565
0.55501974
0.36313003
0.43047744
0.47019902
0.30646867
0.7640275
0.40333587
0.5476662
0.3534853
0.27625766
0.4613046
0.5112219
0.8673752
0.522775
0.5997368
0.35997677
0.17458387
0.39591256
0.38855496
0.19306953
0.44677338
0.32871658
0.21068761
0.4955047
0.5008701
0.46619636
0.44090337
0.52826536
0.3568749
0.5415362
0.7502953
0.44799346
0.7534882
0.5184596
0.3606825
0.5438474
0.43886098
0.33177224
0.36576232
0.36103937
0.60150945
0.43756047
0.3707929
0.75262487
0.3377425
0.4030196
0.26638475
0.3003061
0.4791066
0.31944048
0.5210583
0.41514596
0.6040049
0.35809913
0.4874916
0.30439663
0.4707858
0.36984524
0.4896415
0.5585519
0.86831605
0.32832024
0.25884014
0.44484073
0.39342275
0.23588996
0.28034586
0.47850412
0.20494346
0.5114111
0.28237
0.29203105
0.31587544
0.47658864
0.25004095
0.5572111
0.4837552
0.44205055
0.59727967
0.4659253
0.45297155
0.32421798
0.53746927
0.5165477
0.8785609
0.29890472
0.44250876
0.5544318
0.52734053
0.2834651
0.23563354
0.5363764
0.36889777
0.43364763
0.58827484
0.33538043
0.26603928
0.600179
0.5683966
0.8913409
0.49546385
0.37428647
0.5220064
0.6877738
0.29012433
0.3820927
0.4774316
0.40187684
0.5466138
0.433259
0.926195
0.7929582
0.66554725
0.38987035
0.1704754
0.4446434
0.3747236
0.3983581
0.3278696
0.33091792
0.55910915
0.6108843
0.4008836
0.5924256
0.9261247
0.5102126
0.5082472
0.42529124
0.40581292
0.51050025
0.26429316
0.48409992
0.36951736
0.51259744
0.4139338
0.3546758
0.39272222
0.6355527
0.8254717
0.7157994
0.49277824
0.48735467
0.27656066
0.357446
0.541788
0.18996817
0.49627224
0.37699795
0.5113814
0.49576268
0.5150956
0.5303351
0.24476524
0.9285401
0.4801944
0.48106766
0.8934313
0.5490636
0.54253864
0.42596745
0.34927058
0.83305705
0.28941375
0.416442
0.41718808
0.48828286
0.24932435
0.54900897
0.4106117
0.44143876
0.4736598
0.46638578
0.26964837
0.4451054
0.32224622
0.5131844
0.26491055
0.406212
0.4752918
0.35770074
0.3298832
0.40966353
0.53058326
0.45550996
0.5089199
0.24799088
0.7932439
0.49138102
0.33981895
0.7233259
0.88198006
0.45218992
0.41540256
0.4178462
0.44446173
0.51816547
0.31905705
0.19840102
0.44234768
0.9270976
0.38717455
0.35719156
0.35896936
0.29735562
0.46482524
0.58903664
0.46007746
0.49159437
0.29655215
0.8346902
0.4122545
0.50227135
0.21731961
0.3820242
0.37056035
0.9023508
0.48865098
0.280504
0.35545146
0.7431334
0.50772864
0.20309968
0.22786269
0.2733243
0.2722951
0.7392135
0.21584746
0.47896543
0.29347274
0.45192194
0.33031666
0.36576876
0.8928094
0.31564087
0.3161788
0.38102594
0.3975283
0.6092096
0.5698807
0.54465115
0.453837
0.35250598
0.4300312
0.40514404
0.60063016
0.49976134
0.42882895
0.46553436
0.3756191
0.62419033
0.5523069
0.8784729
0.51709545
0.20447549
0.32290402
0.40716964
0.8651549
0.25734004
0.44709992
0.414188
0.28877825
0.5120472
0.44612604
0.4289197
0.35936093
0.47554082
0.40150753
0.45243287
0.32164127
0.3805923
0.43798462
0.30554828
0.8214017
0.6257227
0.53318197
0.5418122
0.4736227
0.35922763
0.45865765
0.4186924
0.24131954
0.22076023
0.2946218
0.43975687
0.45959935
0.5312292
0.5061181
0.9119905
0.4370652
0.9286345
0.29385275
0.59996474
0.34717214
0.49965477
0.383999
0.7269585
0.463039
0.5310669
0.47340673
0.54028857
0.4796114
0.20262846
0.46106654
0.39962715
0.30882367
0.40772232
0.45401922
0.91690904
0.3030913
0.42420167
0.32743606
0.9184681
0.70789385
0.26875377
0.18984021
0.4456088
0.41390768
0.47873187
0.5310171
0.404262
0.22787535
0.64995265
0.4906566
0.8945082
0.4348154
0.3578084
0.32406718
0.4494492
0.50308406
0.46197385
0.41057548
0.4530635
0.47356468
0.56992614
0.90608996
0.24636006
0.2797422
0.5364679
0.41267768
0.39749295
0.29711166
0.50657153
0.48269796
0.38786176
0.76701623
0.3174265
0.17423138
0.51399785
0.28907204
0.4126242
0.38244933
0.3883818
0.57396746
0.5620954
0.41581598
0.23175392
0.254242
0.39991194
0.18144622
0.582796
0.39380535
0.6865565
0.7645893
0.40006137
0.6771282
0.3277504
0.519293
0.5027059
0.47639912
0.3207512
0.40650374
0.37075806
0.31625462
0.46207753
0.27261972
0.35831574
0.27668715
0.46829134
0.38047513
0.2661424
0.46788257
0.36365405
0.5070175
0.27542573
0.5223161
0.5548501
0.16607447
0.614159
0.2499466
0.50253224
0.31551027
0.36574307
0.5133349
0.27362362
0.43550038
0.70506585
0.2235446
0.36990204
0.2090079
0.40434223
0.48130092
0.43163863
0.16479337
0.42358288
0.46823105
0.24124365
0.5993217
0.3352219
0.85485494
0.58398217
0.4697122
0.4155313
0.23985736
0.43935212
0.24729243
0.31073412
0.5291622
0.5127431
0.26429158
0.7074367
0.35306573
0.43628097
0.44695434
0.5703583
0.41332865
0.5075855
0.52029264
0.4021031
0.74723
0.49391922
0.31102532
0.50337374
0.44275442
0.31400043
0.53062683
0.29907593
0.24709518
0.3996745
0.3125412
0.6329153
0.5425583
0.4694937
0.46512157
0.4835364
0.5550573
0.402738
0.5039381
0.5614995
0.5086514
0.6903455
0.39597046
0.5627882
0.42609215
0.4169697
0.48544908
0.3616095
0.48523378
0.80448073
0.54698694
0.6621562
0.43295112
0.53837466
0.43650866
0.5623415
0.44252986
0.50293463
0.34514338
0.40722027
0.4142874
0.52635413
0.47827968
0.52126193
0.47628182
0.44622865
0.43130264
0.47236508
0.46124458
0.4998652
0.19620207
0.44800168
0.63657635
0.47931948
0.92622167
0.4213559
0.20023187
0.42102283
0.5418091
0.45710602
0.31056508
0.326104
0.64592254
0.36579043
0.3900903
0.32728818
0.36699906
0.44851083
0.6011853
0.56779987
0.41189256
0.7010973
0.47440353
0.42707005
0.6218138
0.33833575
0.48598188
0.500021
0.3514688
0.53631955
0.24289799
0.44289318
0.6566137
0.3647654
0.28510654
0.5021016
0.28072256
0.58921343
0.48086435
0.62196654
0.4679187
0.50568855
0.24884176
0.43342027
0.4622671
0.4256433
0.3079308
0.43670803
0.42883897
0.46134967
0.29431918
0.3184918
0.37860113
0.32297558
0.8828462
0.42673165
0.4370967
0.45093828
0.45973462
0.43214792
0.42143673
0.6114818
0.38852078
0.50127584
0.26017755
0.3128921
0.39276168
0.6525528
0.38485813
0.6848439
0.5257064
0.90906394
0.51499164
0.5386751
0.2733012
0.49844122
0.7399844
0.37934077
0.82064563
0.3824498
0.35238424
0.43806267
0.3933568
0.31809828
0.7438592
0.4552555
0.22438197
0.3876465
0.33190674
0.4161315
0.39701867
0.32344455
0.37303603
0.44898725
0.5118545
0.92344445
0.40139097
0.4534777
0.46589652
0.4940401
0.4616081
0.77997
0.49749455
0.38115394
0.323241
0.42158014
0.42387715
0.44632083
0.50306165
0.37427253
0.31951135
0.25442916
0.4921686
0.36144224
0.5294755
0.4538764
0.4827636
0.37052923
0.4015913
0.4904727
0.35149616
0.47398257
0.4790278
0.5261568
0.48160505
0.3874525
0.3591247
0.38292345
0.40631318
0.43340048
0.28879818
0.68880767
0.5450676
0.48067522
0.46963486
0.5097237
0.45836458
0.37495863
0.42730993
0.8085289
0.36586264
0.37957275
0.39108005
0.45819244
0.5106599
0.43036017
0.5543828
0.39403412
0.34149855
0.4354658
0.38915792
0.4568078
0.35097584
0.45665354
0.4797902
0.47337848
0.3366946
0.41431862
0.43985862
0.3632041
0.48056683
0.315171
0.5083001
0.54819834
0.42997074
0.4024872
0.43778515
0.40525705
0.4975625
0.5732907
0.52115226
0.56134164
0.5673726
0.2828934
0.36839318
0.52798057
0.4106249
0.35413155
0.4571105
0.42502117
0.24321887
0.50483686
0.19011477
0.7403609
0.3893053
0.42103535
0.4665839
0.59812754
0.5725886
0.44592547
0.28081506
0.8864681
0.38868606
0.46813256
0.50170285
0.40677437
0.46249694
0.36501515
0.4370993
0.5597908
0.3822987
0.5456978
0.28061122
0.60458565
0.3415758
0.8847929
0.39401203
0.3089267
0.5928494
0.4347797
0.45415282
0.5913237
0.41119766
0.3818257
0.47093415
0.5346813
0.24693051
0.3224311
0.5006218
0.4119591
0.41297537
0.5390627
0.6962387
0.35983673
0.5115555
0.36327744
0.5343441
0.40154782
0.43516603
0.40836424
0.4702732
0.4694356
0.19956496
0.45173866
0.43701243
0.3957597
0.17796695
0.45633784
0.3064294
0.37142432
0.64059514
0.2329297
0.3967212
0.5216323
0.55986774
0.44279188
0.4316121
0.42349356
0.25275967
0.47466183
0.41464376
0.52107894
0.51531994
0.37827522
0.478415
0.41569114
0.8333025
0.36290497
0.60112447
0.45237336
0.3695427
0.43072215
0.54096746
0.43173686
0.48761168
0.31267613
0.26800427
0.3957992
0.4290362
0.39219427
0.2862206
0.26205078
0.17454731
0.44540396
0.22419754
0.36250463
0.44944105
0.51908714
0.48843485
0.5197877
0.51676655
0.6246983
0.48164588
0.68420523
0.33210313
0.3134712
0.29128402
0.37795648
0.40879855
0.4341393
0.6725744
0.2991348
0.43468484
0.19101813
0.4370502
0.4630684
0.4092365
0.372613
0.6202245
0.8463443
0.48412043
0.44992048
0.4875576
0.51102585
0.34397405
0.4303275
0.2793104
0.47930536
0.4367431
0.37399378
0.46370864
0.47128797
0.35934874
0.30554932
0.45019808
0.65443945
0.4690957
0.46097988
0.4012135
0.4782502
0.42989868
0.6602806
0.4319132
0.27535996
0.5559759
0.40950695
0.5153515
0.5210884
0.22547157
0.33611134
0.5311448
0.3924474
0.50296336
0.82495195
0.35972103
0.39110532
0.4150099
0.4314607
0.3210027
0.4617876
0.53037405
0.37468877
0.53524995
0.4340164
0.6417641
0.5429009
0.50064737
0.49035972
0.37705082
0.515508
0.41605622
0.8264006
0.47661528
0.4047863
0.3011998
0.55262756
0.9251979
0.27798522
0.5782536
0.41271144
0.6626863
0.44775456
0.26504323
0.4993835
0.4763854
0.37174112
0.48007306
0.26259184
0.79787934
0.4669087
0.46872306
0.34114283
0.5077852
0.3925051
0.39401385
0.4064712
0.27075702
0.2015231
0.34567532
0.90740347
0.76383394
0.14980766
0.44549775
0.58665
0.3639758
0.30011103
0.5689889
0.3119835
0.27847418
0.7488449
0.35387293
0.4222254
0.8699399
0.44279885
0.47703394
0.9277304
0.43236837
0.45678347
0.47500333
0.55150294
0.38868275
0.24980506
0.44910488
0.55576646
0.4912672
0.54574835
0.49159217
0.74257404
0.7774706
0.47679758
0.53837025
0.27038914
0.6631752
0.409799
0.45368165
0.24678016
0.34483784
0.5430671
0.3121961
0.49505147
0.19749077
0.25642124
0.69515765
0.3898741
0.8836957
0.49448067
0.38188407
0.4098166
0.50702417
0.429178
0.3607151
0.28858513
0.4340137
0.37003884
0.24789529
0.46394262
0.5048421
0.18299405
0.9232505
0.47423497
0.36396927
0.44898707
0.49050817
0.50055605
0.31436247
0.5252599
0.34469542
0.30222473
0.3677256
0.8304068
0.5431453
0.34814042
0.35875663
0.3146863
0.5298994
0.5295625
0.4128129
0.38308015
0.68145335
0.48498625
0.42529124
0.48056683
0.37643045
0.3082839
0.40395966
0.38150406
0.47752404
0.39920062
0.39846033
0.433124
0.30303162
0.5442721
0.36248022
0.51878154
0.4454967
0.49423203
0.49102503
0.49826923
0.3990885
0.48130092
0.47853345
0.4904314
0.48160505
0.2886141
0.39882615
0.36661834
0.34932876
0.40131998
0.45148697
0.22603802
0.37947604
0.54382765
0.2413574
0.48200408
0.48936954
0.3669948
0.44924617
0.36551657
0.40692645
0.6653261
0.9054812
0.5087559
0.4066003
0.34490708
0.49138102
0.38352984
0.5125051
0.42696095
0.22668307
0.46978727
0.45959935
0.6701629
0.49840862
0.42977637
0.27165028
0.4134615
0.47256368
0.37582093
0.55589294
0.4248994
0.7044958
0.46594173
0.33916193
0.45163614
0.27877036
0.40592092
0.7774706
0.2966351
0.4383158
0.28738374
0.49729186
0.55297905
0.48928165
0.2730304
0.44132775
0.7007618
0.4424561
0.45956558
0.4827432
0.44504625
0.42022434
0.55127347
0.5188345
0.9286345
0.912811
0.37293407
0.64091426
0.38160402
0.6339814
0.4166375
0.598441
0.73358244
0.36929783
0.53051084
0.2673263
0.38973632
0.39400202
0.41145936
0.4383169
0.5349604
0.4645947
0.5589452
0.4500607
0.50617886
0.5829307
0.33158928
0.52045655
0.4297246
0.4613408
0.51169574
0.49554166
0.48919734
0.9270976
0.8028148
0.485516
0.40262762
0.47505397
0.6902345
0.6222676
0.3349188
0.38852203
0.44717836
0.4749003
0.46561757
0.52008665
0.49696702
0.44678134
0.66643405
0.45955148
0.43254548
0.47259575
0.37139064
0.5027732
0.915094
0.38261288
0.3835197
0.40816325
0.35911632
0.3207398
0.48840386
0.22460966
0.53090906
0.6372311
0.5200632
0.3406702
0.39590377
0.41992563
0.48632106
0.34743682
0.27482274
0.71582854
0.3053056
0.92611057
0.6071887
0.44081965
0.42674237
0.28454688
0.54440135
0.5343441
0.37906182
0.3511366
0.46740383
0.781558
0.42007723
0.45498878
0.19753012
0.5636966
0.36758813
0.6200662
0.8293699
0.5507463
0.41275185
0.32450336
0.34920162
0.3458283
0.30497736
0.35222965
0.30266148
0.41547966
0.40148634
0.41169748
0.42509466
0.39236233
0.29776433
0.44796783
0.3163664
0.40207735
0.32686597
0.27356845
0.37049508
0.7901331
0.7225274
0.5397218
0.45205936
0.8510149
0.92581207
0.46088186
0.27957904
0.4919828
0.598049
0.2566156
