0.33778447
0.33778447
0.70519245
0.70519245
0.70519245
0.55900675
0.47908488
0.43980604
0.43980604
0.65384257
0.24358122
0.48689634
0.48689634
0.48689634
0.48689634
0.38867697
0.38867697
0.78910106
0.78910106
0.31643236
0.46674284
0.031440463
0.48077768
0.48077768
0.20124058
0.20124058
0.041481964
0.54938924
0.4393681
0.4393681
0.96391773
0.63363755
0.9698227
0.41177765
0.6141841
0.6141841
0.6805755
0.04376424
0.15739982
0.5373164
0.87562686
0.87562686
0.87562686
0.72829187
0.72829187
0.72795403
0.6080934
0.72166115
0.72166115
0.38921458
0.39043987
0.1409937
0.36300135
0.36300135
0.7179263
0.7179263
0.7179263
0.7179263
0.43980604
0.35647112
0.35647112
0.9930819
0.9930819
0.53669614
0.5103971
0.9251356
0.9251356
0.33798236
0.33798236
0.6107607
0.6107607
0.93394536
0.34068307
0.34068307
0.82846034
0.82846034
0.385462
0.385462
0.5263006
0.07761306
0.07761306
0.38824135
0.27834743
0.11862749
0.5645727
0.81979007
0.81979007
0.97858894
0.33750236
0.33750236
0.69868386
0.69868386
0.7275286
0.5612098
0.5612098
0.5612098
0.64538145
0.2277137
0.8685236
0.47383308
0.12684765
0.12684765
0.41938773
0.72609025
0.6200693
0.6200693
0.6825751
0.7186527
0.7957524
0.89447623
0.89447623
0.7242299
0.7272708
0.47844952
0.47844952
0.30859125
0.42268473
0.15002118
0.15002118
0.15002118
0.15002118
0.45664722
0.45664722
0.41527587
0.76489514
0.9880422
0.9880422
0.9880422
0.9880422
0.9880422
0.2480638
0.8309571
0.8309571
0.35494322
0.57409114
0.57409114
0.57409114
0.57409114
0.97888774
0.2236965
0.2236965
0.16683471
0.544571
0.55141425
0.55141425
0.9020069
0.5791547
0.49842605
0.49842605
0.32927662
0.14468087
0.9388536
0.71985626
0.71985626
0.3647297
0.3647297
0.7157842
0.7157842
0.7157842
0.7157842
0.15739982
0.21706335
0.64270175
0.19992206
0.5777122
0.5777122
0.42303687
0.42303687
0.6827612
0.6827612
0.7508777
0.7508777
0.7508777
0.7508777
0.22887301
0.8088666
0.6602205
0.131508
0.36651736
0.36651736
0.36651736
0.41527587
0.7997138
0.7081065
0.41731042
0.41731042
0.7744583
0.36452612
0.21138868
0.69199216
0.9393832
0.03750527
0.6600393
0.81144536
0.55308044
0.54879355
0.43759346
0.3162801
0.8942932
0.96866024
0.087313235
0.037719958
0.037719958
0.6141841
0.5263006
0.29864413
0.29864413
0.29864413
0.29864413
0.29864413
0.8711902
0.8711902
0.99891967
0.99891967
0.113007106
0.113007106
0.13224114
0.481918
0.12822077
0.8032982
0.8032982
0.6226556
0.0879608
0.6101205
0.6101205
0.9486661
0.9486661
0.48372144
0.48372144
0.5906234
0.10566406
0.10566406
0.1359228
0.6568203
0.7345123
0.6274364
0.60841286
0.5282943
0.5282943
0.14859709
0.27729443
0.27729443
0.3804511
0.23475742
0.81683093
0.81683093
0.9987696
0.9987696
0.6539029
0.6539029
0.6539029
0.6539029
0.62717694
0.7973516
0.7973516
0.7973516
0.035147775
0.028464291
0.028464291
0.33408374
0.2432596
0.59488267
0.8310331
0.70022005
0.70022005
0.42441273
0.42441273
0.42441273
0.77364385
0.85971195
0.3455751
0.26008362
0.26008362
0.26008362
0.46670836
0.46670836
0.3639936
0.3639936
0.076234974
0.4506727
0.9268311
0.46954817
0.46954817
0.10153744
0.5586166
0.5586166
0.5586166
0.43323356
0.43323356
0.50552875
0.50552875
0.50552875
0.7215807
0.7215807
0.044657093
0.25611922
0.44751668
0.44751668
0.8282138
0.8282138
0.14204407
0.58057135
0.21202028
0.21202028
0.70022005
0.59467566
0.70241815
0.5007442
0.5007442
0.22463377
0.22463377
0.25124028
0.420434
0.420434
0.420434
0.653294
0.653294
0.3104624
0.6509155
0.6509155
0.6509155
0.6509155
0.36531293
0.36531293
0.05154427
0.18566898
0.18566898
0.18566898
0.18566898
0.99474525
0.34220266
0.3309274
0.7045577
0.66116625
0.66116625
0.3227809
0.9361107
0.9361107
0.2942741
0.2942741
0.6748788
0.5156859
0.66387737
0.66387737
0.7756129
0.88703144
0.24243316
0.13955934
0.045186974
0.045186974
0.8033859
0.7217686
0.7217686
0.25084817
0.25084817
0.25084817
0.90882874
0.97612965
0.97612965
0.41202807
0.42878452
0.45291638
0.3115404
0.3115404
0.07188706
0.41775566
0.48003832
0.9659608
0.9659608
0.9659608
0.5062647
0.5488647
0.5334884
0.39568216
0.32024884
0.55217946
0.55217946
0.3969763
0.3969763
0.3969763
0.3969763
0.042636447
0.26880497
0.29870385
0.6865622
0.6865622
0.42972678
0.42972678
0.37389755
0.17468445
0.42878452
0.289913
0.289913
0.4043284
0.99475354
0.99475354
0.5701407
0.4384327
0.01924636
0.5570776
0.10874876
0.028489148
0.98677194
0.8942932
0.5153619
0.9590036
0.9590036
0.41650224
0.94143736
0.94143736
0.94143736
0.17541116
0.3412471
0.24987769
0.5440229
0.60778207
0.3887349
0.2894663
0.10759179
0.13673472
0.89208794
0.7217686
0.29931983
0.23142345
0.36039943
0.26694375
0.38824135
0.38824135
0.98677194
0.44502458
0.05319308
0.05319308
0.05319308
0.124083005
0.124083005
0.124083005
0.84415925
0.84415925
0.99870855
0.99870855
0.10352361
0.35985166
0.27761132
0.5467504
0.5467504
0.3272883
0.7549864
0.058793604
0.38176417
0.38176417
0.38176417
0.38176417
0.4546258
0.36201188
0.36201188
0.36201188
0.1895386
0.2702262
0.567496
0.103017434
0.103017434
0.15739982
0.6471232
0.26994365
0.84415925
0.7019677
0.8205023
0.8205023
0.8205023
0.5754604
0.5754604
0.5754604
0.5754604
0.91040707
0.91040707
0.5915775
0.5915775
0.6693841
0.40755057
0.65473926
0.65473926
0.6110208
0.88703144
0.88703144
0.88703144
0.88703144
0.12822077
0.14043853
0.043213423
0.4198606
0.17232539
0.5511447
0.5511447
0.5511447
0.50576365
0.57192934
0.57192934
0.57192934
0.98053867
0.98053867
0.98053867
0.5005841
0.19401439
0.32168776
0.8212946
0.8212946
0.8212946
0.6126588
0.6126588
0.80187094
0.8517974
0.8517974
0.8517974
0.49907175
0.08194615
0.08194615
0.5426671
0.5426671
0.3556177
0.3556177
0.4677841
0.21598534
0.6651613
0.19516951
0.19516951
0.3376604
0.41517955
0.45887798
0.09675306
0.941031
0.060234856
0.58069026
0.58069026
0.45568562
0.6173703
0.6173703
0.053609382
0.053609382
0.053609382
0.5033001
0.5033001
0.29811397
0.29811397
0.44516698
0.44516698
0.44516698
0.5091635
0.10276194
0.44950908
0.57821256
0.80445176
0.6810299
0.6810299
0.3991237
0.54930186
0.05169291
0.05169291
0.21670413
0.3747549
0.4838552
0.41982952
0.41982952
0.52004665
0.71436876
0.063246295
0.063246295
0.08382749
0.08382749
0.2318795
0.2318795
0.2318795
0.4072547
0.4072547
0.13790885
0.13790885
0.28047034
0.14618726
0.14618726
0.31556186
0.31556186
0.5643964
0.5557807
0.5557807
0.34797826
0.28259182
0.28259182
0.33303997
0.31910887
0.40551725
0.67854273
0.67854273
0.65022963
0.77613616
0.77613616
0.77613616
0.107056856
0.26134935
0.22385904
0.941031
0.65384257
0.21202028
0.33750236
0.33750236
0.56292385
0.40600705
0.32116383
0.97869605
0.41037822
0.6162423
0.34718853
0.51935035
0.1434282
0.34296983
0.98571223
0.98571223
0.98571223
0.69086885
0.115785554
0.047019072
0.13040882
0.2575525
0.5190415
0.98088646
0.42945218
0.65282965
0.65282965
0.29225773
0.29225773
0.24525948
0.13806662
0.13806662
0.026640046
0.40741163
0.40741163
0.7326126
0.71149254
0.71149254
0.45445728
0.44789505
0.28711712
0.7439438
0.9131266
0.9131266
0.97217214
0.97217214
0.4756288
0.4756288
0.9944317
0.9944317
0.9944317
0.9944317
0.45897517
0.38315496
0.4145268
0.1526458
0.2943299
0.2943299
0.30300793
0.46350256
0.596203
0.46060985
0.2890026
0.2890026
0.9323465
0.3846525
0.3846525
0.347009
0.55814624
0.16862093
0.16862093
0.09465439
0.09465439
0.86494017
0.6601893
0.83701813
0.15899664
0.4756063
0.4756063
0.4756063
0.22653861
0.41271
0.59706676
0.89539987
0.26269904
0.064756855
0.49581996
0.7441986
0.6548225
0.6700552
0.22558272
0.36519828
0.21836416
0.7193142
0.8272045
0.9242306
0.2628829
0.02802305
0.19675992
0.19675992
0.48355094
0.5190435
0.35287488
0.35287488
0.38568956
0.43625766
0.48618633
0.08432527
0.59348214
0.04391724
0.04391724
0.6855358
0.2495048
0.42012197
0.7413119
0.7413119
0.58885926
0.7529746
0.7529746
0.7529746
0.45568562
0.50318944
0.6364644
0.16877326
0.16877326
0.5895216
0.58380073
0.58380073
0.033852164
0.033852164
0.35303247
0.35303247
0.24236432
0.24236432
0.20782073
0.20782073
0.48277926
0.48277926
0.33750236
0.33750236
0.9950844
0.9950844
0.9950844
0.9950844
0.66895473
0.66895473
0.5161344
0.5161344
0.5161344
0.52304447
0.52304447
0.94350564
0.94350564
0.94350564
0.39020577
0.54956955
0.54956955
0.32196656
0.16595802
0.16595802
0.24078146
0.046908807
0.046908807
0.2906744
0.16478913
0.16478913
0.243223
0.25070953
0.26873985
0.3882618
0.5890657
0.549308
0.3561137
0.5478665
0.5478665
0.5983881
0.3331186
0.23427582
0.8800603
0.36926645
0.36926645
0.7245897
0.4437129
0.73051465
0.6082265
0.26733056
0.19392017
0.12166916
0.7979835
0.4619084
0.5512454
0.66028833
0.7004331
0.5925754
0.15946044
0.15946044
0.15946044
0.7004331
0.5173449
0.5173449
0.5173449
0.45088616
0.5871626
0.5871626
0.09038726
0.04098619
0.13513792
0.13513792
0.7865513
0.9367897
0.6794005
0.54635686
0.61413157
0.7445383
0.08052188
0.08052188
0.054674387
0.4810373
0.4810373
0.07299172
0.47732082
0.47732082
0.4021259
0.3259943
0.5623229
0.11358754
0.028252024
0.028252024
0.13322833
0.41528836
0.2083219
0.2083219
0.32827806
0.051136017
0.40668455
0.6688877
0.29951715
0.06342258
0.06342258
0.9698227
0.22601874
0.5681836
0.3600317
0.2954798
0.3791217
0.041066118
0.22967152
0.9262141
0.998267
0.46954817
0.46954817
0.2890026
0.2890026
0.9930819
0.38921458
0.6651613
0.629734
0.629734
0.63041836
0.63041836
0.029986734
0.1337971
0.8942932
0.4099652
0.4099652
0.33509248
0.33509248
0.3882324
0.3999135
0.36618358
0.36618358
0.15574348
0.1543023
0.1543023
0.06712849
0.06712849
0.6997548
0.6997548
0.12700546
0.12700546
0.22257933
0.22257933
0.41037822
0.70955867
0.29078177
0.29078177
0.12516859
0.76694995
0.76694995
0.76694995
0.5076348
0.29216176
0.29216176
0.29216176
0.40850353
0.24202892
0.4602635
0.96804726
0.6056238
0.26350272
0.4009599
0.55784816
0.025247524
0.8638884
0.26725987
0.26725987
0.27807337
0.49983302
0.0607296
0.08814701
0.2606878
0.2606878
0.028705422
0.028705422
0.028705422
0.07639037
0.07639037
0.31206918
0.31206918
0.9586132
0.9010374
0.99772006
0.9930272
0.9930272
0.9930272
0.9207877
0.36512536
0.36512536
0.8774091
0.8164395
0.5643968
0.23402965
0.652316
0.652316
0.652316
0.6309848
0.6177513
0.6177513
0.14655602
0.17529511
0.990866
0.54617083
0.54617083
0.54617083
0.48824495
0.5286646
0.5286646
0.24690013
0.94092
0.3384954
0.3384954
0.3384954
0.090883605
0.18519384
0.8605611
0.2735189
0.23121333
0.23121333
0.5361772
0.5361772
0.5361772
0.9981343
0.9981343
0.9981343
0.9981343
0.9981343
0.9981343
0.9143748
0.25167704
0.34296983
0.7716342
0.7716342
0.33284944
0.9815241
0.9815241
0.33729297
0.1221135
0.1221135
0.1221135
0.1221135
0.29656416
0.94408464
0.94408464
0.41217312
0.99189204
0.99189204
0.21533409
0.7841716
0.7841716
0.46105775
0.5695944
0.89186656
0.89186656
0.25205314
0.14835083
0.17868023
0.24525948
0.24525948
0.9202806
0.9202806
0.9843849
0.42312655
0.82900286
0.61974543
0.61974543
0.81449854
0.60558814
0.3374919
0.3921875
0.89690363
0.89690363
0.12040417
0.51567
0.36651736
0.80253184
0.7518179
0.7518179
0.7518179
0.597103
0.46060985
0.71421
0.07488751
0.559904
0.3344768
0.3344768
0.9659608
0.33214235
0.33214235
0.76812154
0.76812154
0.09465187
0.2779931
0.50336564
0.50336564
0.47842103
0.347009
0.347009
0.77967083
0.8422205
0.5426671
0.3556177
0.6601893
0.4677841
0.4677841
0.4677841
0.55308044
0.14082786
0.7734888
0.17293349
0.17293349
0.7786252
0.07725485
0.07725485
0.3940584
0.19382133
0.5790941
0.5790941
0.75494903
0.16094707
0.5535024
0.29749027
0.15102457
0.15602261
0.5186884
0.5186884
0.510189
0.09675306
0.41273475
0.41273475
0.8282138
0.38492376
0.38492376
0.40204915
0.44901976
0.44901976
0.7413119
0.7413119
0.7413119
0.7413119
0.7413119
0.08894366
0.05753212
0.05753212
0.5879706
0.08512002
0.33190012
0.33190012
0.5103971
0.5103971
0.31451207
0.31451207
0.31451207
0.14935197
0.21357676
0.16502857
0.39685768
0.14121595
0.21631575
0.9779127
0.9779127
0.9779127
0.25199673
0.80445176
0.31925768
0.31925768
0.5570776
0.6411704
0.6411704
0.16595802
0.24078146
0.24078146
0.21820061
0.17499971
0.17499971
0.17499971
0.33988652
0.06793059
0.21987109
0.21343413
0.6015404
0.75429547
0.11759335
0.4547307
0.7829391
0.28221118
0.6015404
0.8605611
0.6015404
0.098904386
0.08866672
0.08866672
0.45766878
0.21872857
0.21872857
0.21872857
0.43652123
0.43652123
0.23438707
0.84147424
0.76623064
0.14625783
0.14625783
0.31392974
0.31392974
0.16994104
0.3844668
0.071076035
0.05044673
0.05044673
0.6308712
0.6962318
0.34467477
0.34467477
0.34467477
0.5015081
0.17106028
0.14192154
0.17438357
0.30339164
0.112627305
0.33492166
0.47649804
0.5060505
0.5060505
0.5060505
0.030867446
0.030867446
0.19427112
0.035402916
0.13389096
0.3999135
0.3999135
0.51469773
0.5567609
0.5567609
0.5567609
0.87348044
0.1998475
0.62004805
0.19135192
0.93248475
0.5869791
0.45099124
0.31438175
0.48802406
0.3239244
0.29551953
0.55332875
0.14164874
0.6250371
0.25806165
0.29914755
0.56842315
0.56842315
0.20110305
0.21823135
0.15455809
0.31641173
0.10605516
0.2287906
0.29532304
0.5191244
0.4011808
0.4011808
0.22916505
0.062337715
0.062337715
0.062337715
0.25663257
0.5344221
0.13339731
0.5160311
0.37706834
0.03755422
0.16382664
0.16382664
0.13099816
0.328488
0.11895226
0.09415151
0.09415151
0.27686578
0.27686578
0.27686578
0.08721109
0.07877211
0.022207085
0.04521395
0.04521395
0.8562306
0.8562306
0.9666379
0.051265836
0.21034555
0.46120462
0.46120462
0.46120462
0.46633655
0.5687169
0.101703085
0.073647976
0.24123701
0.81587505
0.38758543
0.07966945
0.10115571
0.2653777
0.2653777
0.54587144
0.54587144
0.54587144
0.10219759
0.17117529
0.715412
0.041500915
0.42463964
0.06345359
0.3713623
0.16462219
0.16462219
0.28111035
0.28111035
0.2874643
0.3706989
0.25111294
0.49025917
0.49025917
0.12868205
0.34294128
0.34294128
0.047308244
0.22228661
0.5558831
0.25017905
0.10947947
0.15082519
0.15082519
0.15082519
0.14348248
0.14348248
0.048197243
0.2891299
0.2891299
0.2891299
0.038261876
0.38021123
0.38021123
0.34798846
0.37507874
0.37507874
0.37507874
0.21306829
0.039929017
0.07956654
0.059756767
0.08293044
0.028847992
0.028847992
0.05252279
0.29933935
0.4961923
0.4961923
0.15552077
0.17181747
0.17181747
0.17366481
0.5441283
0.37453175
0.027618658
0.027618658
0.16385719
0.09800723
0.63802856
0.95794505
0.95794505
0.12659043
0.8001669
0.8801287
0.9806862
0.040582206
0.7621704
0.50031704
0.03451071
0.19098859
0.8930441
0.047046643
0.26937196
0.1390674
0.10682629
0.30863234
0.06173842
0.6409343
0.035822716
0.035822716
0.12472632
0.11843214
0.13045715
0.13045715
0.63252985
0.63252985
0.63252985
0.18937074
0.18937074
0.51579654
0.51579654
0.037918966
0.037918966
0.066827774
0.06766508
0.18734044
0.21949935
0.24017039
0.1455849
0.30910015
0.30910015
0.19017902
0.1099561
0.04117173
0.04995932
0.04995932
0.06215144
0.090252146
0.090252146
0.18204793
0.2895468
0.2895468
0.23790808
0.23790808
0.39069605
0.9542352
0.2767135
0.2767135
0.1721829
0.037730616
0.4205924
0.39668238
0.5347262
0.68898374
0.609351
0.5886503
0.7108574
0.27532747
0.33210984
0.3314567
0.4763123
0.6405999
0.5908611
0.085534446
0.3926395
0.26056123
0.37585497
0.29647094
0.50587136
0.3696612
0.15568514
0.35306963
0.7897923
0.40450358
0.1213213
0.096091725
0.22905262
0.25550145
0.10293436
0.22222443
0.6615251
0.6615251
0.6615251
0.11754515
0.24082878
0.17203471
0.14193904
0.14193904
0.050381195
0.14045228
0.28050846
0.057513665
0.057513665
0.031420115
0.07058407
0.537926
0.055038996
0.24601786
0.24601786
0.24601786
0.082095124
0.078735456
0.038958162
0.038958162
0.038958162
0.063658886
0.6761371
0.650422
0.67138827
0.7048549
0.7048549
0.7048549
0.68319166
0.95044434
0.95044434
0.3661696
0.040350772
0.38449007
0.38612843
0.4525358
0.40211335
0.22996704
0.45143038
0.45143038
0.2755541
0.5827737
0.13759784
0.13759784
0.13759784
0.27148932
0.98980093
0.98980093
0.16753319
0.59753716
0.59753716
0.40956983
0.395173
0.395173
0.395173
0.395173
0.31336915
0.21657899
0.21657899
0.47505778
0.47505778
0.47505778
0.10964018
0.25053793
0.25053793
0.095607616
0.10538133
0.67838126
0.16758725
0.6015404
0.09744945
0.20415731
0.20415731
0.78117466
0.15241602
0.5415019
0.33730015
0.37761018
0.079409115
0.3123613
0.36543328
0.5093812
0.5093812
0.05850298
0.031314574
0.17899184
0.2212967
0.7166181
0.16235259
0.12515305
0.07646974
0.2645424
0.1004105
0.29670992
0.13204403
0.07824063
0.20329547
0.27012587
0.2868958
0.75607526
0.225988
0.5600134
0.16515386
0.26489967
0.37074
0.05814123
0.05814123
0.45307875
0.19050778
0.67857873
0.67857873
0.7108574
0.20509136
0.15443906
0.10233103
0.08198643
0.13820855
0.13820855
0.20755112
0.20755112
0.13452165
0.5590132
0.6233858
0.15480015
0.02122485
0.20829329
0.1400001
0.1400001
0.21127403
0.052107293
0.052107293
0.18043259
0.35846585
0.45046467
0.13900015
0.31486455
0.82270974
0.82270974
0.22738412
0.29707593
0.08072448
0.071927726
0.071927726
0.23042779
0.19116578
0.19116578
0.27366474
0.15474299
0.2314785
0.101155296
0.42759126
0.28633362
0.28633362
0.05717207
0.08454935
0.048171364
0.1704252
0.80269986
0.6101235
0.36457044
0.36457044
0.1884189
0.20929866
0.4658091
0.3149405
0.024291921
0.5167418
0.6959921
0.6746312
0.6746312
0.1931736
0.77154166
0.4578671
0.42574984
0.3185507
0.43228492
0.3842164
0.9766034
0.73655623
0.73655623
0.26133686
0.8317853
0.4917589
0.4917589
0.390148
0.5286703
0.11683227
0.96303356
0.124727786
0.43595213
0.24958579
0.7074537
0.2580796
0.1848318
0.08500461
0.08500461
0.6629364
0.6629364
0.6629364
0.030385498
0.030385498
0.030385498
0.073226824
0.34152332
0.088800766
0.7088351
0.7088351
0.64418066
0.41735363
0.5998284
0.98769647
0.98769647
0.5610784
0.5610784
0.07418157
0.39637163
0.08883657
0.9291477
0.33230662
0.41806373
0.60934496
0.28020832
0.28020832
0.42222825
0.42222825
0.16248319
0.30296415
0.033374537
0.21250424
0.21657732
0.2825576
0.479855
0.18737288
0.18737288
0.70500755
0.045736462
0.033198107
0.5939121
0.45316538
0.98668087
0.9059882
0.5596703
0.95222265
0.95222265
0.95222265
0.87382525
0.11714377
0.11714377
0.3173247
0.177646
0.2686179
0.34440726
0.33688194
0.3584053
0.059898067
0.5303933
0.5303933
0.41668692
0.41668692
0.41668692
0.41668692
0.20396972
0.11861477
0.054934263
0.094660215
0.03991608
0.34532273
0.53240764
0.53240764
0.54160184
0.12146453
0.18227614
0.43913516
0.7521204
0.16757861
0.28695446
0.6945653
0.6945653
0.06318934
0.06366845
0.15664458
0.29793447
0.29793447
0.03201506
0.03201506
0.53328454
0.41986856
0.057559885
0.7028415
0.7028415
0.7028415
0.7028415
0.17705339
0.14889292
0.090107284
0.090107284
0.21039219
0.14872904
0.38139716
0.38139716
0.053487398
0.041322142
0.21557824
0.48174158
0.48174158
0.43598127
0.52927953
0.91440773
0.964348
0.964348
0.31054616
0.31054616
0.4186372
0.048562836
0.13247861
0.13247861
0.28117627
0.28117627
0.079758584
0.6473819
0.4145573
0.4145573
0.66098267
0.042621665
0.5228043
0.5228043
0.30900788
0.19575891
0.56834877
0.4747027
0.51832616
0.51832616
0.51832616
0.0560259
0.0560259
0.0560259
0.7824331
0.290967
0.20816262
0.20816262
0.4112843
0.4112843
0.446635
0.23811834
0.44559765
0.38529563
0.08863974
0.2584625
0.061881166
0.061881166
0.05017947
0.035230152
0.08446798
0.40089923
0.34202376
0.8229016
0.05067556
0.39210838
0.39210838
0.13965693
0.22666356
0.15808281
0.23931816
0.0941744
0.2872616
0.06536628
0.21465352
0.081554614
0.18726368
0.24078925
0.1178115
0.22123322
0.22123322
0.21533409
0.16397072
0.34001097
0.320427
0.3903523
0.27947593
0.101379514
0.101379514
0.21708441
0.18741186
0.5535222
0.10409224
0.1405579
0.39509895
0.0580831
0.10912786
0.56873417
0.2396899
0.5556232
0.5556232
0.5556232
0.048518345
0.23576966
0.14348234
0.07238897
0.21703072
0.21703072
0.14159228
0.21289456
0.66013277
0.2706342
0.085867375
0.23842546
0.2135953
0.35193428
0.3795692
0.054625552
0.04755131
0.07619833
0.18597575
0.99171525
0.4297731
0.47759208
0.38792267
0.3480124
0.3480124
0.39012188
0.05306069
0.05306069
0.10003221
0.7218127
0.2802534
0.05338944
0.9088877
0.9088877
0.34667513
0.12819184
0.066410586
0.066410586
0.2432596
0.50181425
0.0897177
0.6405916
0.4317204
0.18525526
0.5158387
0.49694395
0.1034858
0.27429107
0.18404385
0.18404385
0.47434074
0.47434074
0.35782716
0.08278984
0.06485498
0.020256076
0.07705934
0.07705934
0.34594223
0.2385505
0.085700944
0.04681643
0.05025776
0.23692517
0.3492477
0.20005961
0.8109282
0.8109282
0.8109282
0.08740701
0.90624064
0.90624064
0.056858383
0.056858383
0.056858383
0.019603979
0.13304083
0.31869483
0.22616526
0.29775447
0.29775447
0.15815882
0.3374689
0.05342899
0.4887196
0.19434881
0.9875976
0.8766403
0.7615031
0.27966672
0.37395793
0.46499377
0.37138635
0.3945087
0.97827834
0.10789944
0.46360302
0.40317446
0.5276707
0.5462956
0.15935376
0.6318064
0.18610974
0.32892847
0.5460988
0.5460988
0.7125728
0.2338347
0.043141328
0.17176227
0.04792183
0.21580252
0.23178402
0.23178402
0.6776968
0.21784022
0.26528412
0.46150908
0.15045881
0.03448028
0.018276384
0.018276384
0.39520523
0.29519063
0.42520362
0.07604004
0.18208733
0.24144144
0.24144144
0.10095017
0.35588574
0.35588574
0.3351826
0.04986456
0.9684013
0.9684013
0.15053412
0.15053412
0.16429639
0.16429639
0.16429639
0.33986524
0.07975072
0.07975072
0.5052476
0.5052476
0.07122517
0.09584388
0.09584388
0.31981376
0.06231875
0.23670499
0.07712856
0.053088747
0.36719075
0.24565673
0.2890381
0.13350537
0.19778994
0.38052303
0.35376447
0.3764313
0.3764313
0.3061022
0.3061022
0.051289402
0.033590674
0.04454692
0.20174587
0.060638636
0.060638636
0.39143738
0.39143738
0.35440782
0.044364948
0.3429237
0.07809405
0.32694384
0.094345205
0.08330488
0.08330488
0.22467344
0.1271725
0.28994617
0.03713577
0.11836879
0.23777401
0.15498315
0.3503763
0.3503763
0.56155795
0.56155795
0.1640877
0.131148
0.521186
0.521186
0.38173002
0.40675053
0.40675053
0.4467761
0.056379933
0.48553357
0.6876873
0.09359784
0.43645906
0.19973181
0.29886985
0.3815084
0.9620377
0.6001825
0.6001825
0.44045225
0.16769509
0.37726727
0.24443968
0.10279212
0.24150391
0.073020555
0.09508842
0.100528374
0.09838538
0.22514693
0.22514693
0.08975352
0.32941967
0.21983823
0.060764104
0.102581754
0.102581754
0.3618433
0.14625871
0.15718634
0.15718634
0.5403111
0.5403111
0.5403111
0.5403111
0.05560124
0.05392339
0.46154875
0.22438903
0.22892435
0.40723428
0.40723428
0.03776322
0.25459027
0.062164225
0.17948267
0.17948267
0.04795257
0.35528314
0.21033087
0.112350106
0.37780073
0.37780073
0.2301348
0.22977543
0.08567597
0.051032085
0.11763599
0.11022069
0.061367977
0.09495423
0.20455596
0.20455596
0.18073848
0.18073848
0.60583895
0.3868001
0.3868001
0.3868001
0.15180716
0.9475403
0.9475403
0.24816701
0.038402
0.18065
0.51994324
0.07159303
0.19577694
0.32109
0.21428847
0.35254395
0.40737754
0.40737754
0.09905413
0.07580787
0.45100847
0.0960539
0.29462084
0.43117723
0.43117723
0.41346198
0.61984515
0.9415652
0.4898499
0.32756776
0.32756776
0.32756776
0.21534829
0.09779253
0.29966444
0.29966444
0.6912144
0.6912144
0.6912144
0.04612937
0.42713875
0.098901644
0.5093312
0.5093312
0.5549761
0.5549761
0.1621981
0.9240689
0.24631
0.20389369
0.048506707
0.17023668
0.5054635
0.6036091
0.61863506
0.61863506
0.40998515
0.40998515
0.057968665
0.34767616
0.34767616
0.230725
0.230725
0.34651682
0.51959276
0.10100566
0.10100566
0.123275384
0.0560812
0.34536904
0.34536904
0.38122407
0.3266241
0.3266241
0.13381688
0.29653537
0.034887094
0.6374514
0.30607396
0.067272566
0.1277032
0.120256506
0.042368513
0.67853487
0.3514338
0.15618408
0.4282097
0.4282097
0.042383917
0.0361669
0.34887767
0.67881787
0.67881787
0.51807594
0.51807594
0.6794005
0.6794005
0.20461373
0.16133055
0.18281637
0.08733162
0.04536442
0.04536442
0.18297496
0.18297496
0.18297496
0.27514017
0.12725636
0.96141016
0.96141016
0.96141016
0.4528614
0.5437294
0.21060152
0.43552962
0.43552962
0.24340467
0.43529797
0.87582433
0.17972739
0.17972739
0.40452522
0.08841719
0.9451175
0.041448154
0.31500834
0.31500834
0.7742313
0.6371965
0.2776786
0.4420639
0.46418867
0.46418867
0.46418867
0.35963613
0.16907492
0.24947491
0.34597892
0.70630294
0.70630294
0.19659209
0.33155885
0.33155885
0.275408
0.275408
0.76137674
0.5779563
0.5779563
0.5779563
0.25310183
0.25310183
0.5983783
0.5983783
0.4941644
0.17566141
0.29026458
0.29026458
0.058528997
0.3616074
0.17703542
0.17703542
0.08629292
0.5801444
0.5801444
0.5801444
0.4176382
0.8568136
0.51559365
0.51559365
0.51559365
0.51559365
0.21078706
0.21078706
0.46684012
0.3840607
0.28925437
0.2132844
0.17225072
0.17225072
0.43250537
0.03315913
0.0259572
0.31734633
0.31734633
0.42226958
0.42226958
0.45540643
0.3638478
0.13250215
0.13250215
0.13250215
0.37847936
0.19659209
0.28443056
0.46757334
0.7133966
0.7502499
0.8148009
0.8148009
0.07602877
0.3137589
0.17772684
0.21236102
0.1671702
0.97080266
0.6813457
0.6813457
0.6813457
0.6813457
0.90254146
0.98418254
0.84684974
0.84684974
0.9583107
0.21089344
0.75141203
0.75141203
0.75141203
0.9973814
0.9973814
0.50484645
0.50484645
0.8886212
0.8886212
0.9101855
0.10029608
0.10029608
0.62736183
0.30998832
0.43645024
0.98984945
0.18552205
0.34487218
0.42688614
0.6415795
0.6415795
0.38618717
0.08739324
0.26638207
0.1963695
0.7189422
0.7189422
0.6325671
0.64306533
0.64306533
0.267862
0.267862
0.267862
0.37112874
0.37112874
0.45849913
0.45849913
0.44536942
0.11274
0.11274
0.937008
0.66111624
0.6257226
0.06986827
0.06986827
0.2931798
0.1559901
0.119297005
0.13227522
0.40517798
0.035284817
0.7495851
0.7495851
0.6105727
0.75124866
0.29100546
0.29100546
0.76178455
0.76178455
0.11310607
0.32251415
0.32251415
0.028541345
0.122859456
0.13905433
0.31068376
0.6380572
0.4848972
0.4848972
0.9965674
0.24937955
0.13715662
0.5292443
0.24366932
0.3929965
0.3929965
0.3929965
0.7090783
0.97359407
0.29239494
0.21712573
0.09706416
0.09706416
0.4804698
0.13866326
0.13866326
0.22059584
0.22059584
0.15966544
0.61904204
0.61904204
0.77147377
0.5740511
0.21070877
0.6539029
0.49955624
0.50161606
0.5250546
0.3626403
0.10759704
0.63438594
0.21948104
0.5057959
0.668538
0.64250076
0.64250076
0.64250076
0.26504937
0.21520278
0.74077785
0.79476595
0.6415261
0.1924519
0.042041156
0.3633737
0.11170274
0.46307978
0.5385617
0.5385617
0.4795889
0.26265216
0.11744475
0.5754604
0.59641504
0.59641504
0.61566263
0.61566263
0.61566263
0.61566263
0.70307326
0.70307326
0.81119394
0.63586104
0.3418081
0.07796109
0.1912979
0.81829405
0.27117488
0.14899716
0.16070166
0.08200328
0.08200328
0.11896869
0.16514039
0.26026866
0.39548832
0.39548832
0.2415185
0.45299563
0.36964953
0.19885306
0.6291404
0.12649307
0.12649307
0.71907437
0.84415925
0.386156
0.6897265
0.9968587
0.9968587
0.78910106
0.10439688
0.78910106
0.5738984
0.8119124
0.8049785
0.22853515
0.45779347
0.047309212
0.32157105
0.4870491
0.09547517
0.35100606
0.8937925
0.17594731
0.46948275
0.46948275
0.9916673
0.9916673
0.52460074
0.10461815
0.1620401
0.6586591
0.6586591
0.0351898
0.0351898
0.24746016
0.67908174
0.9488158
0.6195226
0.76571465
0.8587613
0.88703144
0.4031931
0.5567714
0.9740163
0.9740163
0.057777405
0.057777405
0.5367221
0.20076878
0.122984454
0.16020486
0.7013217
0.6339223
0.19206801
0.09225688
0.47633824
0.47633824
0.5149108
0.41180915
0.41180915
0.057092987
0.81975615
0.505777
0.505777
0.5137803
0.16720413
0.38750014
0.2150563
0.84147424
0.6516536
0.3505187
0.3505187
0.4086476
0.4086476
0.18410066
0.42786202
0.04324288
0.384449
0.043558072
0.078889266
0.078889266
0.046631537
0.046631537
0.046631537
0.2581794
0.2581794
0.024698194
0.20174599
0.21735147
0.22588038
0.95364314
0.95364314
0.055229247
0.11187371
0.27287433
0.06150628
0.05716902
0.05716902
0.22581604
0.3790165
0.28958791
0.33924678
0.61549425
0.61549425
0.6490954
0.7587396
0.3644111
0.3644111
0.11748818
0.22482002
0.29302743
0.045885764
0.86936235
0.86936235
0.25842625
0.31363338
0.31363338
0.4430054
0.078610666
0.30696064
0.24360797
0.28863275
0.06136595
0.16167895
0.16167895
0.16167895
0.16503236
0.16503236
0.39818317
0.2845802
0.09723773
0.2687429
0.47767192
0.45570627
0.5478579
0.9918729
0.9918729
0.9918729
0.621953
0.4816262
0.054989267
0.99605435
0.99605435
0.32574672
0.46236005
0.34607667
0.4057663
0.09585624
0.22948894
0.6719624
0.6719624
0.18168336
0.18168336
0.3207002
0.16017184
0.13136521
0.08371941
0.6093546
0.047444873
0.05739264
0.4374548
0.4374548
0.6389471
0.6389471
0.0910959
0.0910959
0.053561766
0.17735729
0.23159115
0.36480397
0.13765492
0.3930164
0.3153262
0.44489557
0.44489557
0.85613906
0.9831296
0.9831296
0.9980316
0.19001481
0.19001481
0.6917412
0.109085426
0.92585963
0.92585963
0.92585963
0.92585963
0.92585963
0.33651856
0.31397212
0.44352776
0.6225685
0.076716825
0.053912617
0.6618159
0.2894879
0.050410282
0.14398658
0.3760383
0.13018028
0.13018028
0.09158711
0.2611575
0.38634425
0.3425992
0.48357525
0.7050497
0.42097473
0.99240816
0.99240816
0.7558179
0.7558179
0.7483287
0.33546066
0.5493814
0.5493814
0.35773128
0.21553712
0.29207665
0.06532406
0.5886041
0.31776732
0.1775879
0.12536831
0.9216887
0.990358
0.92036885
0.74513054
0.74513054
0.60078096
0.97768897
0.99870855
0.99870855
0.99870855
0.99762934
0.99366885
0.40374136
0.40374136
0.1467816
0.8689653
0.41701072
0.9126989
0.118357345
0.7240992
0.21581943
0.07255923
0.22399028
0.38499156
0.47235256
0.98139894
0.4829227
0.032163776
0.032163776
0.17850372
0.35350662
0.35350662
0.3684245
0.30031675
0.23034091
0.055995524
0.14261277
0.07038166
0.5430333
0.50276786
0.64401805
0.2450705
0.41027126
0.3738607
0.17382121
0.3168669
0.08599142
0.086037874
0.24538204
0.33789855
0.58152926
0.036743157
0.06859813
0.98677194
0.98677194
0.58235586
0.26804167
0.045550544
0.112823404
0.4236075
0.9242357
0.8282138
0.26250842
0.49847788
0.68738633
0.22919214
0.37806645
0.17672451
0.2690764
0.12059361
0.46419507
0.45913276
0.026449868
0.5577632
0.5577632
0.5577632
0.12099578
0.3635992
0.14384738
0.051072776
0.28089005
0.041063063
0.32177523
0.09011971
0.056392025
0.38762727
0.42139715
0.050379198
0.048264377
0.048264377
0.062390048
0.062390048
0.6015404
0.056459434
0.35666186
0.9716469
0.9716469
0.08730999
0.08730999
0.24256437
0.3358179
0.16089845
0.22754154
0.22964895
0.19496515
0.07850706
0.2179425
0.13285069
0.05151378
0.15200004
0.15084961
0.16878101
0.17245638
0.17245638
0.17245638
0.1043275
0.66035783
0.6413298
0.32697788
0.23470648
0.34736407
0.13429275
0.73580027
0.33687758
0.6361002
0.6361002
0.5123861
0.26700896
0.42342943
0.5405069
0.57320666
0.20206872
0.8131981
0.3735385
0.40946382
0.80411625
0.80411625
0.19267146
0.06477686
0.06477686
0.24200292
0.17142302
0.12116168
0.277875
0.5126814
0.98360044
0.98360044
0.62321365
0.62321365
0.18656375
0.27113596
0.27113596
0.22890553
0.058979608
0.025290513
0.5090409
0.2534684
0.6375528
0.62306195
0.29800397
0.96596193
0.9528139
0.44694334
0.20218119
0.20218119
0.08097752
0.5653358
0.113952145
0.03997752
0.19391447
0.4622519
0.5963851
0.23369184
0.27967462
0.17715816
0.17715816
0.10460621
0.4537197
0.13126896
0.13126896
0.3650731
0.3650731
0.14202179
0.14202179
0.102089986
0.47724333
0.47724333
0.04046295
0.5057143
0.04529383
0.15572044
0.15572044
0.15572044
0.6094323
0.6094323
0.05445574
0.76557463
0.15589455
0.15589455
0.22602615
0.26429373
0.30492187
0.32553813
0.07422252
0.07422252
0.96583444
0.96583444
0.05927987
0.6558105
0.106801726
0.15571222
0.6081859
0.6709857
0.17354454
0.07875434
0.07875434
0.5146357
0.5146357
0.17429686
0.048562475
0.027986709
0.027986709
0.42624897
0.18764012
0.12367628
0.12367628
0.1880301
0.46491355
0.46491355
0.29566735
0.18077567
0.093510196
0.43456692
0.4248469
0.24675557
0.53926295
0.7178757
0.1981372
0.1981372
0.26905733
0.26905733
0.63024116
0.1306984
0.22603767
0.17847522
0.028781911
0.057108156
0.17969882
0.16149208
0.27747962
0.27747962
0.23877637
0.9937604
0.9937604
0.9937604
0.23932543
0.095607616
0.11005521
0.35334313
0.35334313
0.4852035
0.4852035
0.42412573
0.13815388
0.4002328
0.4002328
0.3300213
0.5886041
0.98941976
0.39790207
0.47959107
0.28130418
0.42490435
0.17311156
0.33846578
0.4541839
0.4541839
0.41180414
0.46932197
0.32753044
0.0885777
0.16576889
0.21270566
0.21270566
0.21270566
0.3518756
0.28345427
0.42291206
0.42291206
0.42291206
0.04693885
0.09115938
0.11606858
0.3348607
0.4664579
0.325151
0.06491019
0.23155706
0.6598321
0.6598321
0.60267204
0.37042812
0.37042812
0.23326166
0.665918
0.7392825
0.9931637
0.6093546
0.37620804
0.39250556
0.07375853
0.41195893
0.06578435
0.06578435
0.19735895
0.21848246
0.21848246
0.2668696
0.2668696
0.42580527
0.3183715
0.17119524
0.08327967
0.4087251
0.24792287
0.36010277
0.17940982
0.05514834
0.09628825
0.09628825
0.12155626
0.2658545
0.087038025
0.087038025
0.0918332
0.27969003
0.37186298
0.05586189
0.4048373
0.10073014
0.12625961
0.83724385
0.4190572
0.57775325
0.5383334
0.5383334
0.081584334
0.09302753
0.18960795
0.11539451
0.4727303
0.4727303
0.60387534
0.60387534
0.8282031
0.03291396
0.8864611
0.22967735
0.15801945
0.102641545
0.03784254
0.37888008
0.5115108
0.8364382
0.38223773
0.38223773
0.9892818
0.9892818
0.9892818
0.729308
0.729308
0.3947028
0.9943203
0.36246905
0.36246905
0.5383338
0.38864782
0.46770278
0.49125892
0.055830907
0.24384065
0.9003461
0.4512972
0.023383787
0.39729446
0.2456634
0.4134442
0.5134519
0.5134519
0.66918695
0.66918695
0.47762328
0.39064032
0.39064032
0.39064032
0.1800567
0.1800567
0.1223069
0.1223069
0.071811184
0.071811184
0.1949024
0.27647597
0.052140526
0.33778447
0.7506136
0.48689634
0.7067318
0.07993559
0.38867697
0.65384424
0.80280095
0.86803234
0.96391773
0.9698227
0.41177765
0.41177765
0.14243214
0.4408145
0.049999088
0.5373164
0.72829187
0.43980604
0.9930819
0.17608047
0.9251356
0.35572758
0.32333922
0.64718914
0.80253184
0.93394536
0.105634235
0.7866207
0.385462
0.5550796
0.27834743
0.11862749
0.5329901
0.81979007
0.04894513
0.04894513
0.5838629
0.5464386
0.7957524
0.7957524
0.43516397
0.8630315
0.42722097
0.97888774
0.97888774
0.16683471
0.14468087
0.044657093
0.044657093
0.21706335
0.5917185
0.64270175
0.116565384
0.8538104
0.41731042
0.41276225
0.69199216
0.27982584
0.03750527
0.43759346
0.12122305
0.96866024
0.087313235
0.29052144
0.037719958
0.13224114
0.13224114
0.24718967
0.48372144
0.5906234
0.5906234
0.6568203
0.6568203
0.3677898
0.81683093
0.70022005
0.70022005
0.5100907
0.59488267
0.70022005
0.051855825
0.9268311
0.43323356
0.7215807
0.8282138
0.14204407
0.21202028
0.70022005
0.70022005
0.70241815
0.39383882
0.4076341
0.36531293
0.36843774
0.07029977
0.66387737
0.08761139
0.051083855
0.48003832
0.48003832
0.48003832
0.91901743
0.9659608
0.9659608
0.6060759
0.8224865
0.32024884
0.32024884
0.55217946
0.52002776
0.37389755
0.42878452
0.34900528
0.17541116
0.3412471
0.5297112
0.4796676
0.5440229
0.3887349
0.03976772
0.77476007
0.77476007
0.77476007
0.5334359
0.7217686
0.98677194
0.98677194
0.56546175
0.56546175
0.124083005
0.3013783
0.10352361
0.35985166
0.34364346
0.55109584
0.103017434
0.5277947
0.6693841
0.6110208
0.7028779
0.20535675
0.19857061
0.82900286
0.57192934
0.57192934
0.19401439
0.4381178
0.9064884
0.9064884
0.21598534
0.21598534
0.37078533
0.11043228
0.11043228
0.41517955
0.026998704
0.09675306
0.44891468
0.5660261
0.14262553
0.5091635
0.80445176
0.46541435
0.27990106
0.71436876
0.31556186
0.2790528
0.11166797
0.076234974
0.55345607
0.4406794
0.31910887
0.15067708
0.15067708
0.107056856
0.035004757
0.941031
0.65384257
0.34680167
0.2635525
0.2635525
0.97869605
0.97869605
0.6162423
0.29888958
0.32577074
0.1434282
0.6127114
0.23374756
0.5190415
0.5190415
0.3262387
0.052353747
0.42238402
0.16875377
0.42945218
0.65282965
0.29225773
0.35182518
0.35182518
0.7808595
0.28711712
0.7174271
0.7174271
0.9131266
0.97217214
0.9944317
0.45897517
0.17531171
0.1526458
0.2943299
0.04453554
0.30388424
0.731876
0.3772779
0.3772779
0.10280748
0.39849794
0.4571932
0.05636411
0.064756855
0.45003825
0.4476297
0.9242306
0.102254055
0.02802305
0.6397665
0.48355094
0.6158558
0.6158558
0.38492376
0.63041836
0.59704876
0.036449753
0.7529746
0.7529746
0.7529746
0.50318944
0.6539639
0.6539639
0.16877326
0.20782073
0.42647734
0.40320024
0.4099652
0.49095726
0.16595802
0.2906744
0.26873985
0.08394481
0.8839222
0.70931375
0.15450777
0.3788213
0.3788213
0.19392017
0.12166916
0.5512454
0.66028833
0.35136324
0.78736186
0.29538757
0.45088616
0.1677796
0.08052188
0.054674387
0.07299172
0.4021259
0.3259943
0.62936676
0.13322833
0.2083219
0.24490204
0.10016366
0.10016366
0.10016366
0.12359353
0.12359353
0.9698227
0.2954798
0.5294424
0.3791217
0.043741584
0.09915907
0.46954817
0.21311586
0.21670413
0.23554735
0.6422311
0.06020754
0.22933665
0.6633167
0.15574348
0.6998266
0.22257933
0.22257933
0.38296118
0.38296118
0.5076348
0.2817103
0.2817103
0.5238038
0.26350272
0.27807337
0.044743843
0.08814701
0.7227793
0.43975806
0.061310828
0.061310828
0.8774091
0.5643968
0.6452743
0.4971943
0.3384954
0.07974474
0.8605611
0.4474872
0.23121333
0.5361772
0.036947854
0.7716342
0.7716342
0.42377216
0.21333544
0.5685636
0.2862391
0.5306386
0.73649836
0.7841716
0.8442842
0.5695944
0.4081233
0.8330089
0.25205314
0.17868023
0.2652822
0.24525948
0.32306552
0.7801445
0.89690363
0.559904
0.2779931
0.37275624
0.8422205
0.8422205
0.8422205
0.09267231
0.09267231
0.7786252
0.737723
0.52165234
0.52165234
0.21461895
0.6284081
0.6284081
0.6284081
0.75494903
0.5186884
0.41938773
0.510189
0.510189
0.17729762
0.38492376
0.029627476
0.5329901
0.5713135
0.08894366
0.14935197
0.15736015
0.21357676
0.21357676
0.21357676
0.97825956
0.05710428
0.4273135
0.49036536
0.1125928
0.6015404
0.62825483
0.23902461
0.37994164
0.097357996
0.57996446
0.098904386
0.098904386
0.23208232
0.23438707
0.14236663
0.61247146
0.3181216
0.2699276
0.6015404
0.89293516
0.14625783
0.31392974
0.31392974
0.15683724
0.04195134
0.5015081
0.17106028
0.3056212
0.30339164
0.112627305
0.5147484
0.5147484
0.09693539
0.20690031
0.20690031
0.20690031
0.05940596
0.588863
0.050052803
0.13389096
0.51469773
0.5567609
0.87348044
0.5869791
0.13944952
0.27576214
0.3239244
0.47869116
0.2777425
0.23870508
0.092396654
0.29914755
0.56842315
0.062150836
0.24360533
0.10605516
0.10605516
0.19567207
0.2287906
0.3518756
0.41821948
0.41821948
0.13339731
0.37706834
0.12704349
0.6375085
0.09415151
0.059886657
0.08400656
0.037297703
0.04521395
0.04521395
0.04521395
0.9666379
0.046613444
0.046613444
0.21034555
0.46633655
0.2653777
0.10219759
0.17117529
0.17117529
0.17117529
0.133261
0.12404015
0.12404015
0.12404015
0.27699155
0.60438067
0.26244205
0.26244205
0.15679386
0.16462219
0.28111035
0.25111294
0.6200693
0.49025917
0.25017905
0.038261876
0.0909849
0.07956654
0.15990737
0.76530915
0.16385719
0.633204
0.24487686
0.39735335
0.03451071
0.30370197
0.30370197
0.047046643
0.047046643
0.56510293
0.042024948
0.30863234
0.30863234
0.43131962
0.21512298
0.12472632
0.11843214
0.12212515
0.37341815
0.3836157
0.51579654
0.21949935
0.23095438
0.22658733
0.12776318
0.14358631
0.9837656
0.94130737
0.94130737
0.2767135
0.9318163
0.1721829
0.1721829
0.037730616
0.037730616
0.6251744
0.2456905
0.2478065
0.76177394
0.7436142
0.3926395
0.5256618
0.5256618
0.29647094
0.50587136
0.096091725
0.11754515
0.20467237
0.23926139
0.06425105
0.029592171
0.057513665
0.16424164
0.17685667
0.063658886
0.915572
0.45145315
0.95044434
0.22661515
0.041222524
0.096412554
0.8578428
0.19910991
0.2755541
0.16753319
0.23109534
0.04954405
0.7332736
0.21657899
0.10964018
0.4491797
0.7883421
0.36465687
0.25053793
0.18598698
0.72166115
0.16758725
0.16758725
0.15296791
0.86310405
0.25747818
0.6614288
0.14667544
0.7166181
0.16235259
0.12515305
0.07646974
0.2645424
0.2645424
0.16208509
0.1004105
0.016188238
0.20329547
0.20329547
0.3740368
0.27012587
0.030184567
0.3857686
0.225988
0.225988
0.32287064
0.16515386
0.27560902
0.3888796
0.4188548
0.0675577
0.0675577
0.090439305
0.05814123
0.67857873
0.31569946
0.31569946
0.20509136
0.08198643
0.37091273
0.20755112
0.59264165
0.59264165
0.03291269
0.03291269
0.18043259
0.18043259
0.18043259
0.45383748
0.1054495
0.45046467
0.31486455
0.25094303
0.25094303
0.17193082
0.08072448
0.08072448
0.30040866
0.5231987
0.19116578
0.2547748
0.2547748
0.2547748
0.35356814
0.28633362
0.112568736
0.15430322
0.25464153
0.25464153
0.3422039
0.048171364
0.9662539
0.1704252
0.50565743
0.4658091
0.4658091
0.08595271
0.16648749
0.5167418
0.80379784
0.6746312
0.1931736
0.77154166
0.77154166
0.3185507
0.5286703
0.124727786
0.21211448
0.21211448
0.52069104
0.60177815
0.6703082
0.6703082
0.6703082
0.077943206
0.3193795
0.3193795
0.14515091
0.115769185
0.5998284
0.46504545
0.41690975
0.41690975
0.105767585
0.9248551
0.42222825
0.41521493
0.056155562
0.056155562
0.051811397
0.28447562
0.5265442
0.479855
0.18737288
0.18737288
0.70500755
0.45316538
0.3173247
0.34440726
0.2131935
0.03991608
0.05024462
0.05024462
0.53240764
0.15780959
0.7521204
0.28695446
0.28695446
0.30232343
0.46627492
0.25117254
0.25117254
0.3131599
0.53328454
0.41986856
0.14889292
0.08992666
0.3209724
0.16893832
0.16893832
0.6443633
0.35008562
0.26222363
0.964348
0.2390645
0.2390645
0.048562836
0.13247861
0.50980294
0.127667
0.079758584
0.079758584
0.6473819
0.30762944
0.34806642
0.6015404
0.5228043
0.5228043
0.88960636
0.56834877
0.4747027
0.112673245
0.4079968
0.6199396
0.51559365
0.06000926
0.44559765
0.56860363
0.43896002
0.43896002
0.061881166
0.12029775
0.3119579
0.3119579
0.3119579
0.08446798
0.08446798
0.034996994
0.034996994
0.034996994
0.39210838
0.13965693
0.15808281
0.15808281
0.23931816
0.2872616
0.21465352
0.17116304
0.18726368
0.18726368
0.23233764
0.37231532
0.04785952
0.34001097
0.23319347
0.19183761
0.638329
0.12177993
0.62723607
0.56873417
0.048518345
0.23576966
0.14348234
0.31997404
0.07238897
0.33052367
0.21289456
0.21289456
0.59821653
0.34663486
0.25857854
0.25857854
0.085867375
0.23842546
0.2135953
0.070542976
0.10206407
0.054625552
0.03530469
0.04755131
0.04902695
0.18597575
0.4297731
0.4297731
0.4297731
0.10205058
0.4655978
0.12819184
0.12819184
0.2432596
0.9564849
0.50181425
0.8374492
0.4317204
0.4317204
0.18525526
0.5158387
0.053114872
0.07082248
0.27101988
0.27101988
0.1034858
0.027593672
0.70824957
0.6015404
0.35782716
0.08278984
0.27665168
0.27665168
0.34594223
0.47859487
0.43759394
0.43759394
0.04681643
0.04681643
0.4808057
0.3519345
0.02755802
0.02755802
0.019603979
0.10024203
0.11119522
0.11119522
0.25858554
0.25858554
0.28652525
0.3374689
0.05342899
0.6106199
0.4285628
0.23698136
0.57047695
0.1705373
0.08493863
0.049129725
0.46360302
0.46360302
0.46360302
0.09537541
0.29661697
0.93995273
0.13401775
0.6360911
0.6360911
0.37645695
0.32892847
0.5460988
0.5460988
0.7125728
0.04903656
0.04903656
0.2338347
0.17176227
0.063131526
0.052656155
0.3779801
0.3779801
0.2190248
0.15045881
0.018276384
0.4520873
0.07604004
0.18208733
0.24144144
0.13907366
0.13907366
0.16820562
0.037526283
0.047011573
0.10890009
0.09048985
0.20821595
0.09584388
0.31981376
0.45088953
0.45088953
0.2582556
0.053088747
0.36444157
0.10628251
0.13350537
0.26657134
0.35376447
0.36318684
0.3958003
0.7769145
0.3429237
0.065207765
0.08330488
0.09054101
0.23946254
0.23946254
0.46546707
0.11836879
0.11836879
0.09166329
0.15498315
0.05785662
0.05785662
0.56155795
0.56155795
0.12304054
0.5939134
0.1113307
0.131148
0.5808404
0.40675053
0.06909022
0.48553357
0.07083686
0.33052105
0.37503535
0.37726727
0.102635145
0.34269005
0.35026684
0.10279212
0.073020555
0.08975352
0.08975352
0.060764104
0.231384
0.15718634
0.5403111
0.3199591
0.092495084
0.038854174
0.10801661
0.1436638
0.1436638
0.1436638
0.11752293
0.21033087
0.37780073
0.06914662
0.034843177
0.22977543
0.8689558
0.20455596
0.20455596
0.22104783
0.19539429
0.51994324
0.20201409
0.19079714
0.35254395
0.40737754
0.09905413
0.2237968
0.7677482
0.35171872
0.05910624
0.29462084
0.43117723
0.41346198
0.41346198
0.2705627
0.4898499
0.09779253
0.488239
0.2351068
0.26967767
0.2018325
0.28373644
0.8840868
0.40703192
0.20389369
0.12819184
0.12819184
0.12819184
0.5054635
0.1782737
0.24353501
0.2512275
0.20501621
0.34749907
0.057968665
0.31470388
0.31470388
0.38278785
0.38278785
0.51959276
0.51959276
0.17060407
0.34536904
0.25592217
0.042368513
0.67853487
0.15618408
0.3709981
0.23278138
0.05145772
0.05016014
0.2833251
0.2833251
0.18297496
0.18297496
0.12725636
0.036170624
0.4528614
0.5437294
0.2483815
0.2483815
0.3078975
0.5134038
0.05301649
0.05301649
0.29732668
0.23604941
0.15959713
0.15959713
0.20910716
0.87582433
0.11418971
0.40452522
0.19155595
0.19155595
0.19155595
0.8464554
0.19392022
0.23714998
0.13855313
0.13855313
0.79533285
0.2776786
0.06597886
0.3628989
0.15203565
0.50706184
0.3680485
0.21265845
0.21265845
0.5069729
0.59075755
0.18376023
0.32329232
0.14772525
0.7604319
0.19659209
0.6015404
0.1533083
0.275408
0.275408
0.5779563
0.29622144
0.4941644
0.2974754
0.04530555
0.3616074
0.08629292
0.32038933
0.38871908
0.5432583
0.46684012
0.3840607
0.28925437
0.2132844
0.42475384
0.81223124
0.81223124
0.3133729
0.3133729
0.1291269
0.1291269
0.047415912
0.31734633
0.048472863
0.040128034
0.34155893
0.32331645
0.28974137
0.3187816
0.37847936
0.038876284
0.03383226
0.46757334
0.49852195
0.7133966
0.8148009
0.8175107
0.27396473
0.57084495
0.84684974
0.21089344
0.62736183
0.30998832
0.43645024
0.43645024
0.34487218
0.08739324
0.11274
0.11274
0.05227201
0.27434772
0.27434772
0.6235273
0.6235273
0.79888546
0.2812514
0.2812514
0.2812514
0.3599359
0.1559901
0.13227522
0.26016894
0.26016894
0.31748527
0.028541345
0.13905433
0.24779375
0.61523837
0.4591337
0.5292443
0.29239494
0.09706416
0.575088
0.13866326
0.36512807
0.769912
0.07489025
0.20318702
0.20318702
0.42577505
0.7120501
0.77147377
0.25001845
0.46380004
0.5740511
0.24503478
0.63438594
0.21520278
0.74077785
0.4795889
0.13408978
0.11744475
0.4908557
0.17867443
0.23118682
0.23118682
0.31669608
0.81119394
0.07796109
0.07796109
0.26591438
0.24052122
0.16070166
0.21569243
0.21818915
0.33284944
0.49935323
0.13379309
0.26026866
0.39548832
0.2415185
0.047203228
0.12649307
0.581435
0.9968587
0.5738984
0.22853515
0.6515809
0.50294715
0.09208898
0.25654593
0.9854967
0.35100606
0.43750802
0.43750802
0.31513977
0.21727292
0.7558179
0.41148487
0.9452087
0.062399477
0.6195226
0.89186656
0.8587613
0.8587613
0.88703144
0.5367221
0.20076878
0.13636182
0.13636182
0.5275366
0.7013217
0.58811855
0.58811855
0.09225688
0.09225688
0.15524751
0.15524751
0.77029246
0.44065553
0.4359309
0.19891486
0.322176
0.47633824
0.23450455
0.23450455
0.24144857
0.41180915
0.033728737
0.033728737
0.08439389
0.04514762
0.5630981
0.45675808
0.94895583
0.20536382
0.4086476
0.4086476
0.062436044
0.04324288
0.384449
0.078889266
0.042296387
0.21735147
0.27287433
0.06150628
0.2615863
0.22581604
0.28958791
0.33924678
0.22412339
0.11748818
0.18712267
0.093643345
0.093643345
0.40175986
0.40175986
0.40175986
0.18160418
0.046553157
0.4591987
0.30176395
0.3138184
0.078610666
0.30696064
0.3127927
0.05026521
0.05470586
0.052198518
0.47767192
0.47767192
0.15336558
0.5478579
0.5478579
0.4816262
0.32574672
0.2268837
0.2268837
0.24356523
0.24356523
0.6719624
0.54431796
0.26334915
0.13180333
0.2941102
0.047444873
0.049808092
0.17735729
0.2048856
0.52322197
0.51025784
0.4537488
0.13765492
0.34541434
0.2769092
0.5755227
0.04519344
0.46174306
0.21718082
0.96865577
0.96865577
0.96865577
0.12833644
0.045742564
0.46105176
0.6225685
0.053912617
0.16042374
0.16876242
0.14398658
0.05607781
0.09814194
0.7484635
0.080472246
0.20805874
0.2622823
0.15109658
0.3563697
0.33546066
0.36905557
0.36905557
0.36905557
0.17501968
0.35773128
0.7296243
0.7296243
0.16428098
0.9216887
0.990358
0.14835083
0.30138034
0.75489014
0.81389725
0.3344841
0.2409509
0.4453209
0.1467816
0.08120764
0.109283544
0.027733743
0.027733743
0.17926428
0.7096285
0.17479607
0.71959823
0.3694298
0.9737724
0.53013915
0.3684245
0.30031675
0.12794594
0.10670121
0.055995524
0.07790534
0.07790534
0.14261277
0.07038166
0.42804462
0.50276786
0.64401805
0.17203474
0.3738607
0.11334063
0.3155077
0.40529165
0.036743157
0.036743157
0.6013486
0.98677194
0.26551127
0.26551127
0.26804167
0.28408083
0.112823404
0.04018743
0.08572288
0.1790841
0.4030437
0.4030437
0.15070856
0.28193647
0.049745094
0.011990304
0.10331385
0.12059361
0.026449868
0.50184333
0.33449912
0.054146063
0.054146063
0.33862644
0.33862644
0.057968665
0.32177523
0.41521907
0.38762727
0.6150621
0.048264377
0.19568188
0.25712267
0.25712267
0.42657638
0.9716469
0.41058177
0.73403066
0.08730999
0.3358179
0.16089845
0.28350997
0.5254536
0.053317398
0.10190556
0.060788143
0.060788143
0.060788143
0.17245638
0.7000829
0.66035783
0.579234
0.21850088
0.23470648
0.23470648
0.13429275
0.6361002
0.5123861
0.5405069
0.07707655
0.07707655
0.24200292
0.11778555
0.5086909
0.16448005
0.23127
0.27113596
0.3511947
0.025290513
0.37808266
0.6516536
0.0301602
0.49389338
0.49389338
0.96596193
0.96596193
0.16845827
0.30331868
0.7181005
0.03997752
0.72132665
0.13816258
0.09665935
0.35695806
0.31164873
0.27967462
0.7887992
0.13126896
0.13126896
0.3650731
0.17813763
0.08323438
0.03569039
0.03569039
0.03569039
0.121396676
0.121396676
0.15082507
0.47724333
0.17343223
0.072271176
0.50811386
0.50811386
0.05445574
0.09198852
0.09198852
0.05765564
0.05765564
0.22602615
0.1355156
0.1355156
0.1355156
0.824602
0.46897632
0.6081859
0.18164751
0.053721476
0.17354454
0.34864026
0.42517376
0.42517376
0.28613412
0.048562475
0.06614433
0.040288974
0.22044122
0.22044122
0.22044122
0.080181584
0.12367628
0.46491355
0.14581764
0.18077567
0.093510196
0.093510196
0.031525373
0.15087923
0.15087923
0.47728348
0.057108156
0.17969882
0.16149208
0.522382
0.23877637
0.42501912
0.42501912
0.23932543
0.043418378
0.11005521
0.040802233
0.13815388
0.3396963
0.055186115
0.42490435
0.42490435
0.24428728
0.18376465
0.36067253
0.24923472
0.1086517
0.1086517
0.32753044
0.32753044
0.0885777
0.3518756
0.10307963
0.32117605
0.42291206
0.04693885
0.3348607
0.3348607
0.12183982
0.061267227
0.22933283
0.9931637
0.6093546
0.37620804
0.78870046
0.06578435
0.020448726
0.08197045
0.19735895
0.23306473
0.22271793
0.22271793
0.22271793
0.12182208
0.12182208
0.69147146
0.07245122
0.06300876
0.4087251
0.03909763
0.23844056
0.32063967
0.26657617
0.37186298
0.05586189
0.29331315
0.29331315
0.25693247
0.10073014
0.12625961
0.25385565
0.5383334
0.49289504
0.693995
0.10217227
0.1586715
0.32325092
0.7023203
0.7023203
0.60387534
0.8211878
0.8211878
0.9832578
0.24723163
0.8864611
0.22967735
0.22967735
0.22967735
0.13117816
0.13117816
0.59429556
0.03784254
0.16826034
0.3880344
0.32644337
0.32644337
0.46770278
0.9003461
0.34358755
0.8831698
0.70963156
0.4134442
0.5134519
0.5833714
0.1800567
0.31184083
0.41696483
0.04148724
0.1949024
0.55900675
0.65384257
0.74463016
0.5964993
0.5964993
0.6232067
0.5263006
0.5838629
0.7275286
0.47844952
0.47844952
0.9880422
0.8309571
0.57409114
0.9020069
0.3647297
0.7157842
0.6387094
0.6387094
0.64270175
0.7508777
0.8088666
0.8088666
0.7081065
0.7081065
0.029986734
0.29864413
0.8032982
0.8032982
0.47402906
0.7786252
0.5282943
0.9987696
0.9987696
0.9987696
0.2432596
0.2432596
0.31593314
0.31593314
0.9262141
0.5170143
0.99474525
0.66116625
0.66116625
0.9361107
0.9361107
0.6748788
0.5156859
0.5156859
0.92491245
0.43803126
0.037215732
0.4043284
0.4043284
0.99475354
0.8899482
0.5297112
0.84415925
0.99870855
0.27761132
0.27761132
0.7549864
0.26994365
0.26994365
0.5277947
0.8205023
0.91040707
0.65473926
0.65473926
0.88703144
0.82900286
0.98053867
0.80187094
0.8517974
0.5660261
0.5033001
0.14262553
0.80445176
0.80445176
0.695255
0.07248225
0.941031
0.9914177
0.98088646
0.4756288
0.38315496
0.55814624
0.16862093
0.54956955
0.046908807
0.549308
0.20154628
0.12787165
0.7245897
0.5512454
0.7004331
0.5623229
0.76694995
0.76694995
0.6056238
0.6056238
0.23919773
0.99772006
0.99772006
0.9930272
0.9930272
0.23402965
0.23402965
0.54617083
0.9981343
0.54202616
0.94408464
0.011668034
0.46105775
0.7522708
0.9843849
0.89690363
0.99331677
0.9659608
0.5426671
0.8282138
0.5329901
0.5713135
0.97825956
0.81473035
0.45766878
0.52427906
0.51469773
0.19135192
0.23870508
0.28441128
0.28441128
0.28441128
0.28441128
0.2287906
0.2287906
0.26219004
0.19572765
0.32014182
0.54587144
0.54587144
0.54587144
0.49025917
0.34294128
0.38021123
0.059756767
0.17181747
0.17366481
0.12659043
0.59942853
0.39059874
0.63252985
0.51579654
0.4357314
0.23790808
0.5140087
0.7108574
0.4185585
0.4419825
0.98980093
0.04954405
0.7332736
0.72166115
0.09744945
0.20415731
0.38911086
0.24988694
0.75607526
0.37091273
0.82270974
0.82270974
0.6959921
0.96303356
0.96303356
0.92117107
0.6122988
0.64418066
0.41735363
0.5740851
0.39637163
0.8937925
0.41806373
0.41668692
0.7521204
0.69040716
0.51832616
0.28581625
0.39210838
0.37231532
0.22123322
0.22123322
0.21533409
0.085107714
0.41032284
0.5047561
0.5047561
0.3480124
0.3480124
0.3480124
0.10205058
0.47434074
0.08278984
0.90624064
0.9972154
0.15935376
0.6776968
0.09584388
0.09233226
0.5939134
0.48553357
0.48553357
0.44045225
0.102635145
0.10279212
0.5403111
0.3839094
0.10801661
0.112350106
0.37780073
0.60583895
0.9475403
0.9475403
0.9475403
0.5906127
0.21534829
0.6912144
0.6912144
0.6036091
0.6036091
0.38238695
0.05648916
0.7742313
0.6371965
0.70630294
0.25310183
0.8270649
0.8500916
0.51559365
0.1987712
0.31734633
0.1870406
0.97080266
0.97080266
0.57084495
0.57084495
0.84684974
0.84684974
0.9583107
0.9583107
0.99677926
0.75141203
0.75141203
0.75141203
0.13336655
0.8886212
0.10029608
0.98984945
0.937008
0.22059584
0.5740511
0.49955624
0.49955624
0.26504937
0.1924519
0.61566263
0.61566263
0.055768907
0.84726363
0.47605866
0.84415925
0.5738984
0.09547517
0.35675174
0.35675174
0.9916673
0.67908174
0.9740163
0.14510334
0.3323499
0.22588038
0.14192048
0.6490954
0.7587396
0.06136595
0.9918729
0.9918729
0.9918729
0.9918729
0.2702262
0.08371941
0.11240621
0.11240621
0.36480397
0.34541434
0.85613906
0.9980316
0.9980316
0.4947381
0.44352776
0.3425992
0.3425992
0.7558179
0.7483287
0.7483287
0.33546066
0.06532406
0.5886041
0.9134733
0.60078096
0.60078096
0.9933653
0.99870855
0.99813306
0.81389725
0.7096285
0.99758995
0.5430333
0.5430333
0.98677194
0.98677194
0.99562585
0.21335185
0.22919214
0.2179425
0.8131981
0.98360044
0.98360044
0.99854356
0.99854356
0.62321365
0.38561916
0.96596193
0.20218119
0.06621431
0.42624897
0.9937604
0.01593318
0.32753044
0.16576889
0.049898766
0.21270566
0.26617393
0.32117605
0.60267204
0.37042812
0.665918
0.33501163
0.020448726
0.86456966
0.21848246
0.4087251
0.36010277
0.031560387
0.3575783
0.37186298
0.081584334
0.13117816
0.36639243
0.9943203
0.9981343
0.9981343
0.9981343
