0.5071318962219356
0.10822341343933829
0.9086815506104557
0.7159225808993708
0.8884786277044276
0.16696663179147964
0.2309148175203256
0.6488768413259013
0.5187601079257259
0.7193533581983862
0.2985502197291545
0.4734662933111223
0.32879024588420774
0.6377586690152364
0.12370534616490714
0.9191043850397229
0.6327011425105769
0.18416175049303316
0.3596976396333401
0.09366483708170242
0.7596074653960256
0.4661649600342992
0.21971556083140248
0.06531155727674652
0.9212573225051564
0.23834925567225718
0.06945823616616079
0.2332787193009404
0.10642248976087222
0.10932896329148116
0.9839339220679022
0.9304767931131547
0.09482701235294413
0.312110260356452
0.9363621389158078
0.18606140419112147
0.985430939722128
0.824127470390555
0.03514985171027857
0.9626304419061729
0.5426936818777984
0.5256357847211813
0.862471514687647
0.18293619544156436
0.8347152038805941
0.9456203611114309
0.9609874990843508
0.8524475887246861
0.9925001859531648
0.6974955619341059
0.9130875163375323
0.6279007247832301
0.1435186760279844
0.11336689270128311
0.6362028957135403
0.9335256738598491
0.6682673172421645
0.41953583748612333
0.28399943465440036
0.7580647613761958
0.5810786265014135
0.9915289916654323
0.6361346479797871
0.9929250608226996
0.06689679397976141
0.5620461508188818
0.14667833264739727
0.636413311049637
0.05751620307820408
0.2642593854599261
0.7372172895923581
0.9659046184680381
0.6329242826574544
0.5210563173373061
0.11457853315309019
0.25479364658374093
0.10733416222240444
0.040934223825283896
0.9590357650877115
0.09830986277626197
0.024362811348056238
0.11060767026104484
0.8015241712420138
0.507244253220316
0.767660187877692
0.40430479669619135
0.2556699533500969
0.9922228683461086
0.133199880224911
0.06942707769255763
0.3216316912920682
0.07014610361301699
0.4915861484487439
0.9630498750389906
0.4578393663329338
0.8989176175238958
0.2966047775656658
0.21470899609099842
0.9904782776203259
0.08074360231967471
0.5203223816816577
0.31311110301793615
0.10828096963579406
0.31334371092454133
0.12942884543662422
0.1025890838671418
0.4844661303103205
0.6417579375675192
0.7824392580079209
0.7824401354844039
0.977375356120577
0.9008481658379476
0.9289900707785504
0.5146821639440832
0.21655739581919684
0.04401998995070413
0.8689497481088567
0.11881888364167113
0.03252956685392223
0.11344508325681232
0.04097588361579009
0.7702949237648283
0.07815050459619671
0.8590709643653607
0.6685348404249496
0.5130397648022543
0.49238272821281137
0.27571316690090225
0.7649995838142393
0.15143804872984717
0.514296906790727
0.307175878722762
0.12815986889475997
0.6390074969443001
0.23989042186715603
0.7301346045399233
0.5719998683184717
0.11999097300996726
0.4106268139291061
0.08844289680485623
0.05159765429389451
0.05890290521063349
0.0733197375695305
0.9901951652048424
0.18369219436155917
0.8180864709665339
0.12254497730810696
0.6847067056868218
0.9500826398222292
0.34422410476671456
0.5722075390671955
0.21970974468544213
0.7745841962894385
0.8540350068196908
0.6629688243044132
0.9741405633674174
0.15950093906352703
0.13932361064005036
0.08424503486904414
0.044433455618596726
0.7301905489081915
0.6551869091803884
0.22942620570499853
0.07288299481113779
0.966765612185015
0.2305375537850615
0.9492255028122135
0.9498665938757833
0.9908450045229109
0.7007637068002711
0.26605391385976207
0.15253995177769714
0.5684131066875419
0.33385355056194044
0.058532200641545344
0.0934010130980909
0.05534986310477579
0.08212327923701727
0.4355373645404926
0.8170524447055114
0.5934157312567667
0.978192183375502
0.9538735633684915
0.09128434704401915
0.6794415629213226
0.9956015906186253
0.9098350005755662
0.9743773414611433
0.06693048355922283
0.06198511982921955
0.4619515849532317
0.009827064196643916
0.8357930437299254
0.8024749237370781
0.19872974613766414
0.6402072769958804
0.11071898652476796
0.11128404354832282
0.6181195826202175
0.9935746703848877
0.060098506614466585
0.16548556881901683
0.03139006964222182
0.07818029906661704
0.9839299973902946
0.14055836282068884
0.1754292994470041
0.11140143973896896
0.1534457826005365
0.2119415756804196
0.10873279459687331
0.20978653532166794
0.6914683086637204
0.04919412154515026
0.09204440980273348
0.2027445138371627
0.11574068790281254
0.1805161659767834
0.9080295932749192
0.08239712875447161
0.09377208359467627
0.39872373490600144
0.1709683040667886
0.8568661276679017
0.43350781812168343
0.9614566127400144
0.905826258325932
0.4683942587886445
0.7776860394792164
0.7749401625308647
0.3004658683196744
0.35652364701685485
0.269163406460098
0.16827036923663374
0.44112544473668347
0.4780449774591766
0.028850412083856625
0.9915196130736449
0.2355407077161262
0.052287310379182335
0.060669163590609705
0.012081476664818309
0.21270145539494598
0.09777837343640775
0.3621700671747134
0.29001053700219886
0.9517173350166837
0.3774004326766404
0.2914560947331209
0.3899358751709592
0.9375784580934824
0.6661799135090188
0.09039192596562017
0.4350632155740503
0.3000649589953009
0.286991352766315
0.016078062945723195
0.029687980735935406
0.03427381054319676
0.5384902799642937
0.11789612271448939
0.36450707287447476
0.38979000349955034
0.9929937809089715
0.6032483321902861
0.07678449363871401
0.9204618672370898
0.13515553811465325
0.93277929299724
0.0941430916023808
0.34489946239594443
0.07209265712394064
0.062078908209421406
0.14848127852316917
0.2751828608154782
0.16432457609481999
0.031613198281188915
0.14723537263810701
0.02489691635563517
0.6941040751842054
0.984305156955127
0.8250992223209973
0.9508881793169031
0.9882676925532992
0.9363500440987541
0.3944752409486864
0.7459062501489719
0.06451976281023016
0.5402292594122493
0.968722296285634
0.9102662283316832
0.6764670895777292
0.9653613264747131
0.07112644391822866
0.18589952008028884
0.355556540865923
0.9959352849305192
0.1827622427268935
0.21068502402697234
0.2525760963073032
0.19257747685683413
0.3660071876355031
0.17319579132441418
0.20438183054427256
0.788119247763209
0.13069466129145016
0.49279364362934336
0.9268966883117324
0.9395635696144443
0.9337130277934895
0.1373173074685804
0.16289545099691444
0.6535643636896475
0.1723909257044317
0.8992139998559687
0.1010501619930734
0.043141120564682604
0.6604526131593843
0.9966858648281275
0.3465003666946819
0.20591721880846434
0.1151682327708128
0.29873513919257294
0.6675139502492211
0.11652650220245192
0.9825165438971886
0.2832172044738058
0.18252791691155187
0.6271704443352674
0.7778215117338428
0.18383295364765445
0.0480001899519919
0.6343916182811123
0.5096144223429162
0.6213717587596664
0.07792330855566552
0.7276976093662315
0.33420947181743516
0.19316876407069108
0.05914708555986891
0.8820109449337471
0.37321251147639956
0.9857587324990784
0.9966578115522209
0.5626614308813339
0.22761439481996984
0.09186799002054888
0.030186565755780184
0.02781570852602769
0.03167024464034485
0.56260630962964
0.36782713822236285
0.3450353844700877
0.1437885818581911
0.4404841468817892
0.15767239660917973
0.008549155863895637
0.9155324197454777
0.48602371686558143
0.9682725300667732
0.6183664114235861
0.04924946216565326
0.9887836143235336
0.09996379398779054
0.988832145443942
0.9689788017664521
0.7474321714430303
0.7069095898236322
0.07444417126198588
0.13574213581515054
0.9103144997539641
0.9418680305796028
0.9252844735919309
0.24258391907719765
0.9333374925524691
0.3552587950092579
0.7640489549536813
0.9686914181129899
0.12926268297779583
0.20606121493658194
0.07113267086851355
0.6043056697811608
0.02349398258113347
0.6450593367152381
0.9632277863196752
0.13363327731446548
0.9929117850410996
0.9298594316653562
0.09688734880899298
0.8086926655012291
0.9744467903363578
0.03822845856699797
0.06325280331998273
0.12006770958184579
0.8286097109322114
0.9835641789725175
0.9531660278612253
0.25318194527995164
0.5883268221567103
0.7904552353335198
0.3704013969842132
0.03558647795756058
0.34940535814097634
0.9057360345158879
0.11009872400202912
0.9487691546627548
0.5601686047718737
0.6589356813170143
0.9859978728573792
0.9032161413611417
0.11127181441726468
0.07113267086851355
0.9962774894838273
0.9184790110363148
0.16908034089699808
0.8356984170449815
0.2231977555341821
0.8887030376625026
0.9675921201512094
0.6633595231750137
0.579615418984568
0.06960903698490377
0.3582419538789602
0.9275361431271918
0.032629672869362185
0.25331133863176275
0.1863248830035449
0.26699270229541877
0.9838577817585221
0.3421242705898006
0.06718376288964455
0.5842490596603813
0.05484433064845931
0.10831770684475056
0.2270441210502627
0.06956417169837593
0.6917510183741364
0.8574365419190829
0.6764661613613819
0.5940222172016285
0.03222288506068944
0.02451033880735447
0.11007792320730217
0.17353928385125877
0.26333419949611925
0.18778938013409743
0.891926988179953
0.03469541661291763
0.5623946690573974
0.503904248978839
0.04017284874220132
0.047189612257752984
0.11543189805308474
0.7582594468258279
0.8681719037627814
0.6729552099686863
0.6120039102132103
0.025927887047717476
0.3074314674761828
0.17867802118023948
0.1675018072706747
0.2796884847393536
0.8050702881200619
0.37536640495102686
0.7470923901517986
0.4665544131016556
0.12803608605135322
0.22928840454349483
0.028882143888237385
0.8609359996081364
0.3262047560595558
0.39350114616945786
0.7651900057907339
0.7970033705498208
0.8746874462676891
0.8968893831314486
0.8053407179602666
0.6382965498928408
0.22801650857163314
0.06725487552710968
0.020784838126851942
0.8373098133586101
0.16610816788643942
0.09345525986163729
0.11726081305238167
0.37392388005195454
0.4432717423248634
0.23762727918541318
0.06471336643324387
0.24572796807054043
0.1528327383924424
0.9923041152288121
0.08212823609106706
0.22524305046655924
0.07766752988724598
0.43225066633608134
0.14006720109754042
0.36546892145178483
0.12332105732782496
0.2817908346751256
0.6537747709114992
0.9190978718528134
0.30077265783095913
0.9022548610676463
0.13395887383305422
0.1783187425142307
0.5952142946395101
0.1069347394117365
0.33158546639265407
0.5775572770029052
0.7214648625021051
0.28574908911976743
0.054233273190812864
0.2563378084435136
0.19120581947109896
0.07817409191839023
0.9347883169710867
0.11979363804922574
0.02823091704485057
0.08785216643462038
0.7365645353913471
0.3403991526562947
0.9893220780627656
0.9967404115785065
0.3322704520412084
0.17361534402449363
0.1216055280635626
0.584143915542816
0.18497643038236863
0.9740047962489679
0.2915685478666994
0.05802613911246825
0.8400529960326175
0.7679113596958596
0.4720586181833805
0.9093046202332379
0.873933763856753
0.784750848315223
0.1491808857880977
0.13112249639047505
0.45737455733251403
0.21318105645182583
0.37470631837837975
0.2642901420912574
0.9468095282355692
0.5277728037366678
0.7471862832395051
0.3485027724093867
0.44960537583804594
0.7866314961550721
0.12299387219142109
0.9656603560190814
0.05247947151596067
0.108146261277653
0.28900762550561987
0.6562012432431509
0.1068379358330565
0.9505482494442008
0.963379473319735
0.11004243904369723
0.888240938039184
0.12547998205752425
0.9612427441433568
0.03926466689777524
0.1602292941962249
0.13870899140368775
0.9846629751535979
0.040804189775446226
0.9231810569851983
0.7962701676907773
0.46186047727988877
0.9770759417167444
0.07111274456596625
0.8885498456936266
0.28651798113483656
0.9658046970016562
0.9881745129766968
0.4970579010960691
0.20752989194421917
0.06532529254070821
0.26905543558178713
0.9913124897245581
0.20585985180717867
0.13058193158240347
0.4794689988979916
0.28018939581689506
0.7422850533368868
0.07916080963950654
0.9964045324735473
0.019960496007218127
0.04343369520651729
0.7695334335072165
0.20337521019361277
0.26841658984887473
0.2511598659146984
0.04354087888730562
0.135382939030595
0.2854637836206264
0.3630971455107644
0.7498651737241028
0.0553423374101897
0.7089611012931896
0.3728751202762109
0.05128730210289943
0.0747935746564635
0.051056080421087606
0.6496253157612826
0.08904705772635123
0.18940861696796563
0.10084620167285156
0.30472443965102763
0.046104184399770376
0.7393690544723215
0.7880553864558566
0.6607390102068277
0.44529364440868874
0.026720813699424608
0.03137231981642027
0.21076095185703625
0.039704278145740374
0.021667452388927404
0.17415244286791337
0.9716003028823104
0.19617333791679487
0.9502658581837262
0.630979724368539
0.5607125483187997
0.2955107266532052
0.14661094881492462
0.07544995567022242
0.1759695094078549
0.5612474766975898
0.4671967946511971
0.8935669477623628
0.22976082864872283
0.9919103452561606
0.7226782721978807
0.4814765203413831
0.4185090819003629
0.12285398257756928
0.12532931548763968
0.9920838024475234
0.7342051805860006
0.9924236350517117
0.3182491606628673
0.9631650428664398
0.22140506341149355
0.3645038152906229
0.8389640453726713
0.8572722607092148
0.9184000094599721
0.36234942892540883
0.07123852634438219
0.9217272720043893
0.8895970882043208
0.469093826699187
0.08282827999540054
0.2939500177054675
0.8307950200385185
0.40635827032590593
0.8912424734492824
0.5196253949416137
0.145273670356894
0.4375365944124234
0.14696829997943714
0.03843068335945121
0.70179352515522
0.2427059036910875
0.5465805683034157
0.1664408630138569
0.47056130464782325
0.16198041198240887
0.5525158256520304
0.2285737802772929
0.30181137845057787
0.849647665675007
0.4077037801124797
0.4387653485661005
0.20490780414161422
0.17263348689302505
0.341059280880861
0.9171183941046926
0.267484120003515
0.18598696264174272
0.06942458499573681
0.09553535498726622
0.8406490921789331
0.9299411654304063
0.9501298463616198
0.9316316483233653
0.2731045460193514
0.21897445654759073
0.7483367626314333
0.4032831479016227
0.3860807435667445
0.5793021506334602
0.10895561169896896
0.05103345961807247
0.05194564957691237
0.993839286052181
0.3283759430519019
0.9815107298285011
0.573874965755465
0.19189529254082444
0.13179619708337115
0.1866450314258719
0.8601092937849386
0.29547368727347284
0.9808613600141393
0.06813797920035704
0.9071028497035233
0.5394436210398837
0.9243373899887803
0.813628527038306
0.9508681852443999
0.9762105055910795
0.8155929719760493
0.29928419802734385
0.326882665453504
0.47322848898658826
0.18536297055225984
0.9538312469477618
0.35565905151692084
0.10838260774519586
0.02598126593425323
0.9695550115058885
0.597092445383455
0.9654914145103358
0.6084244826798946
0.22974925087601145
0.16719311416574759
0.024744327933096777
0.012021371326803207
0.8710413245077058
0.5852953253206578
0.05671660823161271
0.7487978290185379
0.0828815485884432
0.14819151273007597
0.1328608504691555
0.14024581816531026
0.5802710710317099
0.7866919045875505
0.6770174425096241
0.2537006162121824
0.8665665992193771
0.2515701657184351
0.24293604430373758
0.9658015247990779
0.2947361310397602
0.9390588443830278
0.2382685356230692
0.24461876647440453
0.9557336890051457
0.6046910649032665
0.10737581563361442
0.1909181791543858
0.5775250403330044
0.036288697542889894
0.6289038161634856
0.22714265483614204
0.2533525596364115
0.9799631681225465
0.21594221662861787
0.9932569227004726
0.8817366607265886
0.49706909211239625
0.9690943753906416
0.2784158847354755
0.8344021363337085
0.1408732756194181
0.5625502024849183
0.6751894374031504
0.8147015563424805
0.25031838884451835
0.9940297221691071
0.696163946058465
0.18490668028500987
0.03953122313983584
0.08982518067016179
0.1515605099849834
0.14982499867423238
0.18953366775253927
0.9301766348601072
0.16718477049834254
0.05015735491182108
0.03957922514419903
0.16975191115155733
0.22484273528633375
0.41965740666378226
0.21328606426042757
0.6188896229458145
0.41970180403584234
0.9905228519325966
0.14047872249142074
0.1554396791590476
0.77877042069032
0.8368344667826476
0.18262259707109119
0.1272204003078437
0.07782149729067864
0.9927321616460777
0.21892441985310068
0.4502750341783932
0.26286689537321206
0.03284760969057241
0.15716472691286726
0.17693798752817194
0.22284584185935363
0.11662409921625241
0.3794777323052347
0.02680847583170121
0.09920646008550113
0.22015056374448513
0.11092692485934764
0.07149504921263994
0.5853410562719175
0.7703170041102292
0.23804480979096937
0.07982333886954614
0.26955773747889816
0.2722104574844089
0.11038257397132453
0.3805436113116349
0.046446743137710654
0.9443228365228322
0.35951695941853423
0.4298549917162859
0.1954781749811353
0.21116857993932464
0.16896839226881985
0.8297561466680712
0.05169313856433509
0.5638933817428631
0.8931052661350143
0.8030720415069945
0.8453879840533615
0.7064262897789322
0.052969218923513604
0.9245833391031856
0.6110131662575206
0.13678673583167697
0.13935500107839446
0.04839656070531488
0.04245745594037591
0.868984906504243
0.9929024138406326
0.17336813868297327
0.9528233386657347
0.5077249887772713
0.145273670356894
0.04772583489327829
0.9915289916654323
0.2052369114027187
0.4768686551067841
0.23554994483290798
0.9579447848690598
0.03280199676659955
0.1036508399957795
0.9631086512811518
0.15499861373765295
0.9109361850781083
0.7476547842401501
0.8537277635270911
0.022878092945050794
0.04213320955087346
0.6939504836582732
0.5423267500265729
0.47020046397704623
0.023002811554234344
0.8187706236493394
0.6730268126245892
0.11055262167060416
0.18156786231028715
0.3296208132371807
0.8242690196323709
0.491853410245637
0.4604799001174154
0.07495395844952006
0.1754851076062863
0.27068464157022265
0.8995481947334647
0.3201102853949081
0.0690269639479154
0.10756814613997273
0.02402575091927986
0.7955323178936607
0.08762596627489455
0.07012118460866029
0.10857485009905105
0.13475994921355006
0.01568740668359032
0.1993252173001265
0.9869815342366512
0.09777099073631265
0.10753384639197254
0.6023601879479037
0.41677691368999703
0.04442337200302357
0.22396874343323772
0.013841720930192813
0.10144574194813225
0.04420656322813323
0.045762832657279116
0.20865032557039534
0.08466344762934275
0.13078193191010568
0.055712320553066914
0.27022236545278766
0.036673243107064865
0.02770903700927255
0.13023158385377506
0.1033882104924652
0.040305445187947105
0.3366959172921976
0.13002547070868503
0.6162367196872276
0.1834638845700689
0.19861580090954475
0.13521722900310856
0.8115773381438172
0.8897683973391104
0.5938439725036377
0.34323808322338806
0.3783379574456059
0.14485101104438133
0.10549082063761958
0.11360267762402645
0.07250466362842098
0.01291766901913235
0.15787830425122662
0.9590660162739079
0.1052590678852144
0.31991947705202145
0.02615537392535412
0.5530628733301323
0.1802389444972415
0.08426855721652476
0.23601405842933168
0.5810600993693866
0.13871623743327238
0.10884175743353389
0.254141329673538
0.8416444203805943
0.11264838649921377
0.13504303847564061
0.07406983808682917
0.9923478619913709
0.08533422803892979
0.37569474903929884
0.05897804048576604
0.04630695531121983
0.14695265957373305
0.079606239743634
0.10009040068230726
0.11144423887117988
0.06713261028340799
0.14311134409323464
0.16914941269541417
0.10743706921507827
0.9144193613158875
0.8618488922234114
0.4942021480741269
0.15265515121721515
0.3254502815104289
0.04097588361579009
0.08294968096276553
0.04570740529679022
0.07041645678877974
0.07047500819813673
0.07911489669865142
0.29755697979091844
0.8695917000798689
0.5385042297456267
0.07776438160159055
0.7818152673622701
0.07298752228965648
0.12516284116091236
0.13736201945542645
0.16665667017094282
0.7480856303585377
0.5250189095529018
0.0210077533488643
0.744354907745857
0.561046526168156
0.8432989851087527
0.08261890958840948
0.33676524854114964
0.7962579742153711
0.331011714195339
0.10823565956492813
0.985263098699168
0.007822805714049391
0.9832399028793669
0.06911920841681676
0.040472126676640914
0.47271469457963194
0.5146246826565829
0.09646386262532954
0.9036210398444537
0.9340683001577161
0.33931129638870716
0.11329114294237035
0.5835548093449615
0.9955431096036137
0.9927641828162813
0.3432698976731813
0.973451358146652
0.47342717591521444
0.45076854413032413
0.05124080836920352
0.9918447083319689
0.20591487732821206
0.25672996098885703
0.7080830668157432
0.9909091152144823
0.9392359572509366
0.7300290275796715
0.7595435075649841
0.7930570252571087
0.1100901589927791
0.8219943337695566
0.9555167350245581
0.09195805223319801
0.08958189236339605
0.32246511161577496
0.13182285003174213
0.7695864475378323
0.045925327650216854
0.3527398775254839
0.12235882315663785
0.8349028481644495
0.08327420996693766
0.18296814441636472
0.6311013759523018
0.70179352515522
0.18923754518089603
0.3538152665417634
0.8643884578220585
0.14865199382909786
0.6153084963012804
0.9552909789743615
0.9749044531245104
0.09350087542449276
0.2780696047549391
0.1732825610211383
0.34417037371067044
0.06368395064788523
0.044441018300324486
0.684697463465753
0.3819470572655135
0.11911866681019269
0.32677540897600993
0.8264680658119661
0.896951203052274
0.14860751296231473
0.5538490505811365
0.8788483358221567
0.3153226147139633
0.9780583032291172
0.9929984662713293
0.8925038290995072
0.8503184491981707
0.10505181853189198
0.9957060718400281
0.2705824270519456
0.7879434051602535
0.07508698114734201
0.15780049261219553
0.9008761295821702
0.7509372656835791
0.2733915272467309
0.6033987269618089
0.2086398022977169
0.9855093646113331
0.995169564809099
0.9571376641582451
0.8227448619990353
0.983191217043594
0.2523229399642764
0.5676906483441857
0.7987263858743419
0.846786668345985
0.7270297980802168
0.05406636381625393
0.31345611026745246
0.04575023565102325
0.6253926268804761
0.12689015525511751
0.3263330559721862
0.5011445612900131
0.49098825066835955
0.4121711147003259
0.7451016456944668
0.12979993640318385
0.9554273933123029
0.07703913239199621
0.30843454744133536
0.33791493015228474
0.8438405552348195
0.1872178721691377
0.05762145744991113
0.6464099955518562
0.03931520133407046
0.7904552353335198
0.08887781051499502
0.04394686913463166
0.11568942935762196
0.6803820054522318
0.8729534245767755
0.8717067767763432
0.8450538367768341
0.07086115957385779
0.026695403743431698
0.42394785448260924
0.01942393731403831
0.40392986071541054
0.0832370525749027
0.14178276819016108
0.009471166813309756
0.07994118375068512
0.5656062039020193
0.3554093092506738
0.03807551389329967
0.28235788420577385
0.044578402548897195
0.10997024535388518
0.05395968584702573
0.29659916850059487
0.11221937008742688
0.5012156304483437
0.06945823616616079
0.035063781968234606
0.3050909416332339
0.5026598174674883
0.28612116868116827
0.2708447677159984
0.28626772743920925
0.08161142418550163
0.08854421959246551
0.30155734232981846
0.4166890492600263
0.12363724926567413
0.14832978752797504
0.4914882115394747
0.004182394892066125
0.1272665335134622
0.06880755626629695
0.45058010832391043
0.10982217968008287
0.14336081381466775
0.12996484549497936
0.01695360061208527
0.13600091436171322
0.23285447381083463
0.2915561783161736
0.15013857415685186
0.09029315731090197
0.05496852917718658
0.04410571474807647
0.08916070549904237
0.7392514223986842
0.5875319704530415
0.34500250091278045
0.21108565901415427
0.07114512471655329
0.22688297953733133
0.504857079152279
0.13894205995333253
0.5423267500265729
0.19156295871176912
0.10572622697888796
0.043202917546707235
0.1352559361212085
0.023915082274703733
0.9869666462576155
0.09615604538727404
0.2265397887635401
0.07786495389187192
0.5651933751347202
0.0332694850838143
0.25657219404346665
0.12389260171115524
0.12702007378258323
0.07208394316748655
0.4403941606629607
0.21714561215449601
0.2309090317701684
0.7046610617743824
0.06167746611516869
0.40505233343117886
0.2562280384800991
0.3845779588969937
0.3209576189381995
0.19445796096089857
0.1647935822429945
0.16371817857441778
0.32069480484502205
0.7176283016502668
0.09459413345386897
0.786092110574946
0.9857046273787038
0.8976953484069007
0.8259221935294242
0.35576482846813284
0.29073062760607227
0.38605602852125526
0.31020076453860346
0.09056599494888838
0.9492463158957887
0.40453057729476954
0.5557662068566561
0.07479233132583436
0.07199804661856686
0.08565840675621286
0.10207336411788902
0.08003049358009953
0.08408408576802173
0.17336695012751893
0.07784881296827423
0.04829841833162662
0.03447766005495286
0.030882876215954556
0.05589791601239609
0.30415668211358615
0.9169953172972451
0.12178200977718624
0.07308955625774008
0.903942922468781
0.11372239290798788
0.14625714946772386
0.5731564716251274
0.10810952120028275
0.02247589173090848
0.025819854451368935
0.03383946038572314
0.18787556550431875
0.04147447826758966
0.08391693389810598
0.03462705346908446
0.0798456678558519
0.07769236406458085
0.06351275145023838
0.14324753158853004
0.7858644008002724
0.1968494654120957
0.2540291567447988
0.3107479450721229
0.4867969441560884
0.3541666940861991
0.16402975439137432
0.19331832694030365
0.038667010354541426
0.023817129598709498
0.3722315450093182
0.17851913963294577
0.13189311533660356
0.04902809142607162
0.07071916334681523
0.01983688223884134
0.15876276668289235
0.14636064774413762
0.22897571346443796
0.048406626345123126
0.15430207539496185
0.675484784621515
0.02779412065358379
0.31207017215449445
0.1007552735073293
0.3008364733745038
0.03715762560917799
0.13263439770423538
0.06415874059284808
0.15422413552860775
0.4159129257077334
0.38666092453237216
0.29841684346661823
0.23012202362394707
0.12144363922252407
0.03135710556778718
0.019926088736183952
0.04582455695801593
0.06965016269932356
0.09946713039435481
0.2117536068916884
0.19192475228567327
0.14911357940657777
0.05605089520885855
0.06261155101517588
0.08660963352047044
0.07392307225380895
0.6448960994425886
0.34269826040018325
0.11652650220245192
0.16469811847898344
0.06203889231872056
0.04899916066841315
0.4780850322200077
0.11919787095797992
0.1372133787691014
0.09380290059255661
0.1678736108314712
0.44767639764641054
0.2173890049197004
0.27002129492136673
0.2861414620403584
0.3075240967543582
0.28568030358086066
0.22500287035521563
0.0961178730507579
0.03720947233664912
0.049814109377940306
0.17926483308382807
0.059865696509067735
0.12188789197654668
0.16038354494588983
0.08694722661348216
0.2834260533403298
0.16059636906255934
0.28534649268576984
0.21742859729879868
0.10121970497171097
0.08010491568103006
0.2537452640779521
0.0204472385477034
0.06747318954497791
0.12007867172976304
0.04908343617541077
0.06837241653697708
0.0646771451051777
0.07176648279891351
0.1370598936107443
0.06876641490695112
0.2505637585413668
0.13544704245421446
0.14225184076815894
0.0946347966231687
0.6334302880803107
0.13135031771871608
0.09872192473618878
0.1554085198680237
0.10105999092840817
0.14432467950526165
0.13305822062233497
0.023941795896861393
0.04395821562545709
0.05048797727726026
0.04013117394507821
0.13699946342018798
0.497790272013043
0.024351364845499192
0.04669355427011298
0.08401351207751276
0.2867930004587715
0.3259315394468021
0.3619580741474058
0.06941710688844524
0.10639552594374625
0.04681191316876989
0.05761393944590613
0.22344278333006143
0.09497485919302177
0.089362045326236
0.18488303567245548
0.10441400559285989
0.10375760096354468
0.12757608642241614
0.08399617784354897
0.10865933345303803
0.052111462109920174
0.03467642706071139
0.09338128667111152
0.6797066014669927
0.6946962521986201
0.6063214057391092
0.6705219177442695
0.6172898929974397
0.11761934057274795
0.5532240899173281
0.9575998315841748
0.06676327838840727
0.14639073352925958
0.11534767509030298
0.46767070386036014
0.8040219984610651
0.14998719853375567
0.1193916044179896
0.6725078651925678
0.046046246462288165
0.11928925680060146
0.8991621364696974
0.0174754421690296
0.1162214835207503
0.029162633450947113
0.31466874896861474
0.3440113655074581
0.7789207594403781
0.17532361622025483
0.2038955711118482
0.06022866936529593
0.14226510356329908
0.08263625463647901
0.11199810661200843
0.28608170881209244
0.31817921133249544
0.10100347395039944
0.11169612542023234
0.16023407732994457
0.45637194908263556
0.5754265637556301
0.04710526501791761
0.10886501846228308
0.10085726024741895
0.5878516990273779
0.08498029920097955
0.24093068371448176
0.19441441165608134
0.026966004941637558
0.4688782040699742
0.05531850587586894
0.3830138116391251
0.2661153745657244
0.062385255961618445
0.09533581019952428
0.05304581068680737
0.07202169962394517
0.0667545434432722
0.027809359173414233
0.18602477454343763
0.25056490506222384
0.30515462599557663
0.05259877889893077
0.7183339492046616
0.44555980878487783
0.2503264154043787
0.059646632450102405
0.6579152921557803
0.7498830320660002
0.058959256905324914
0.0308410276171324
0.2950213052253869
0.1255358718556977
0.3100525219892434
0.15058302898920933
0.03793140766506892
0.18737965735615292
0.08960412286606846
0.04759116201086049
0.20639599787037247
0.07365936681126983
0.19943560211997344
0.02081923220869399
0.1524007443089926
0.8225430910391234
0.47994105444997553
0.10667127663995989
0.8021077046935996
0.09728490849900122
0.19007035994343183
0.4587064473642683
0.3338282040043391
0.2314771176006511
0.11571383833814676
0.16709775605182647
0.36696833861574135
0.18029225908372826
0.18529914300452754
0.1106431452877119
0.2032075896358639
0.2875153187339759
0.501059274965387
0.31795380312625876
0.2974145694431214
0.060567807605437916
0.1293439464887398
0.1567910828267865
0.04193132026765395
0.6894042696092046
0.026373942875061708
0.23575892390590403
0.5498149683170079
0.19024962074196664
0.2608323518202313
0.12123426146485977
0.35901837438996115
0.38757384089636787
0.05679933828752559
0.0907227687237508
0.23504646362238346
0.17286294377194478
0.2595609112824757
0.3890937526753517
0.622474653909321
0.35178192962462446
0.0815221782338208
0.12698607715662472
0.18599641567930766
0.18495869752053617
0.2613788140526305
0.1045329962824117
0.03952743346390954
0.016897453939323553
0.19784856918637986
0.11126447690591638
0.19371632554520288
0.07225199199463159
0.8436724989152895
0.0535065611892549
0.4469328704001548
0.2292281861177952
0.28128126371920636
0.048703542242803384
0.04430236505601448
0.11082051182013004
0.11117520188594072
0.08635856927399382
0.44985847648333543
0.34393898533002826
0.9728076988194319
0.13954454142958708
0.04811092920394005
0.04352953027103547
0.032015027180951124
0.03376093909552846
0.069814657922184
0.05098696057835475
0.4083618535666355
0.0989285416889049
0.3947652392178942
0.1518270194640787
0.11220347897939019
0.14127016984932358
0.02726324739431136
0.23461563876771288
0.6184859877344157
0.16998405454445484
0.029167709860867704
0.15815002456246557
0.05396721622454752
0.0998629950992252
0.05373752823376671
0.07944743373591703
0.07993994331097577
0.663954765354593
0.37179877653221144
0.08041746113924211
0.23951820037248786
0.3941017141799479
0.11774981051984897
0.0824058021663882
0.3716040011103419
0.12059504851963601
0.02922608774638932
0.20076799296836723
0.20364947017132484
0.37300489265096154
0.04574393712117612
0.10194073091556426
0.13691244100482322
0.11614583231855227
0.04869725206243694
0.05645084842165134
0.2381416836532162
0.03444347541080285
0.41270047231016765
0.26515228512382694
0.48309072476520215
0.07854028384929196
0.039679015478305005
0.04232751071681072
0.560580517857326
0.18219531993836094
0.02850894936994562
0.39963130526060386
0.28781386469816284
0.11542091263273792
0.10860546038543897
0.04793600900023604
0.397330633993963
0.2632430262980213
0.49356120770090955
0.03371154525640466
0.0241236944650319
0.14842356891156436
0.3077796430570576
0.8482689519624634
0.29045499702391847
0.42842191579252686
0.026948219952594176
0.4682704161666469
0.09327155519742145
0.08229428427417378
0.06577726012333053
0.04819146338154289
0.22352174365187352
0.04100618115632043
0.24660802116811917
0.06380515668921849
0.1278710313560762
0.0861557181843098
0.14247488613026038
0.2755987317676853
0.26531852333027184
0.8270900082156583
0.1622062211949837
0.11349883764681899
0.10503096988176557
0.3304124158934618
0.42584889788392477
0.6401826833155905
0.05643204345724822
0.07686399376323781
0.9909294425056057
0.35529260713147565
0.6117188350561504
0.9305738685372423
0.5745041662595782
0.4813370742194735
0.12933060492561954
0.1773935918389191
0.11626784909607443
0.36729585228692047
0.288254283545953
0.5696728470541261
0.6027768271852473
0.22504348241486455
0.3769698267489633
0.14431624753005076
0.3041879798377246
0.21453526243641868
0.1538679747190329
0.25780429337140087
0.0342016357581437
0.08097050865975464
0.0436165348520311
0.06859810139047544
0.07343170901229631
0.05944131851041952
0.6401949801949116
0.03520174509828935
0.05143054695655712
0.14056680935160698
0.2541275945313164
0.08426608119174912
0.07889772797448955
0.057305679371174
0.8518460353947374
0.06437111372023094
0.08025251210028646
0.42557697710407094
0.03082200526767113
0.1863674146825098
0.5351165323305408
0.5973458234786152
0.02038226071375243
0.06277281903945159
0.07027069442967869
0.06872402604070979
0.1100240849408775
0.041315444996534965
0.05149839656231094
0.04766290465383716
0.9705882352941178
0.7189531037353623
0.9739282252978524
0.2865360162888505
0.3409099191261633
0.15176939856102556
0.029889711736068796
0.12878717022668418
0.12626838216917094
0.019395895083881176
0.04516943629846855
0.2705869700243373
0.2173342730725557
0.770714405626462
0.2591841262626861
0.4522899630411949
0.09049562829138004
0.02856480557490023
0.33347331981174183
0.012911277293251333
0.09883138494297343
0.09333566863227212
0.04963052043609665
0.15028633543666156
0.05908698211905143
0.29094885642084745
0.14008289102089608
0.14460893842389597
0.2640645830884783
0.11877622823088133
0.029234971204015348
0.08396398533371355
0.04791964885382252
0.9021965104275765
0.5157367016674712
0.2728402165808799
0.3805813219018375
0.15315427824835645
0.12277491057954462
0.1288065809357684
0.10802011777756337
0.030352736048457223
0.16634189453224424
0.8659026140350918
0.04428975978771016
0.019330886745754033
0.053102311116256025
0.2025017988099614
0.1826592845165908
0.26546311718375065
0.16617852702901267
0.26004949031756824
0.05104602675925764
0.8394983927492784
0.1491496366556519
0.06747443699186019
0.3501118361924526
0.08989062928760634
0.11875063458572156
0.2896278886494249
0.2995317878099479
0.038252473720307066
0.13199245208295723
0.06912918056178378
0.026887241773590632
0.021347815540951515
0.09408269920760626
0.22603417761570777
0.10509596796156817
0.541919962846822
0.18461583354179606
0.043658144537699096
0.03940489713867693
0.747679815352493
0.2886146601131272
0.6592223047007216
0.27571883184544765
0.2903874901541841
0.02698506013010084
0.059533962516827965
0.04395821562545709
0.027087955342446148
0.27585252012638656
0.07556181937392654
0.39476844930156324
0.16315460206758764
0.04858402577581822
0.22394204217469174
0.0504288962775312
0.06423119959241622
0.04782903663500679
0.14398496552525247
0.12604974806046548
0.48926395990791866
0.06290657509632719
0.22301193374714665
0.15795132494513855
0.42842717856289775
0.1474266342669396
0.0809742282416991
0.02678052595972569
0.3532301494127253
0.7285440072641834
0.0564169993711272
0.29905338669646897
0.10087200492702335
0.19462508795265893
0.05564083708587744
0.21572196749280242
0.12335024619002219
0.1426460730281452
0.054342447731063406
0.10193336216975758
0.05791714542448544
0.24909799908018576
0.03721832409655589
0.9889863402620309
0.5683797381016689
0.8539016493328451
0.06821779044001267
0.10162016764669088
0.03433458750010633
0.19605808108134698
0.043815749937613425
0.048022841610807304
0.07316794501396771
0.024372985967843687
0.17415719535973018
0.3300724058284733
0.20979939021948668
0.03378753532561383
0.6170142082764547
0.13872831409574088
0.4749501341044392
0.41678220660719084
0.3342050644957629
0.793354514164681
0.6060749680698148
0.12956467689302284
0.404608316739413
0.05526206174883929
0.0686392458752472
0.19912087299927203
0.04211933024800818
0.33305222971390924
0.014858632615663255
0.19805185937027128
0.050563397550239086
0.04281823499564045
0.3629156751892355
0.13020369909499438
0.1179900012269628
0.04343621723470641
0.1103911378395711
0.6413647172269569
0.12660965061470433
0.06642633413269025
0.2875220787334858
0.030167537834648556
0.16340655797557357
0.038361170654710806
0.06208391014501983
0.14799430564232702
0.2521843212179337
0.07151497207523871
0.08361974377143173
0.3840972231114605
0.08621014347759562
0.08203405396201785
0.05601453225571624
0.16971262288393293
0.03681490108731691
0.02179096516351434
0.18391456617175558
0.09151880993959961
0.14917487637441182
0.12413576681394575
0.050736854475478495
0.8365362473570727
0.06239150751618178
0.09495884293133534
0.02435390851779389
0.5703259458787825
0.24200266996708775
0.1027081733789349
0.3788243528773002
0.46666493382641605
0.09086348529503982
0.04868467164837153
0.28375001037331343
0.3614220153955101
0.06529407590865015
0.06913167359101202
0.03819306734353931
0.22273549396294665
0.07810581213772054
0.17278923488869316
0.383409801718879
0.2901241926727847
0.17604429707305264
0.04675021623001728
0.060719214221933604
0.14473419328863218
0.044346482933432546
0.036634032612894114
0.5982816832533048
0.3499718720315771
0.21018266450768558
0.05174716074375917
0.11267038507940233
0.12254862723124951
0.052805981772434125
0.2806890576791861
0.06334278881229982
0.023743344232663038
0.034908088563609704
0.05151096107699191
0.2679094681941603
0.03193517419495401
0.051444368340406305
0.033700146522992656
0.052568638690676205
0.7202787922362847
0.1541246082503754
0.14343432359684702
0.9925361168566709
0.6098768374657144
0.21912455961343288
0.04538741129310757
0.01915114799347588
0.03547258369146402
0.9876294308554731
0.055035016446370454
0.4075846876629658
0.06550758889467954
0.2606235409479354
0.09487629573567245
0.09670023705129328
0.031076891297914303
0.2483819556471206
0.9957169874290801
0.4413116237742761
0.45426755417621056
0.796466123246553
0.7225333202541048
0.0504452379876147
0.02934283894393711
0.032165852811671856
0.061961359476903184
0.6950602944032841
0.04696551852829896
0.12147163589325734
0.022470800113146453
0.1456228141717698
0.11240149841363938
0.08299799173642024
0.05640070149620926
0.2737612558825218
0.12623194466891824
0.043073015783181116
0.04792845817837063
0.28599602198024476
0.22967515164398014
0.06000463450944817
0.02657851422761052
0.28045280697674674
0.9965518284551615
0.5068484450667845
0.04042035573005018
0.7715310206251802
0.4447403282056827
0.11809484779765447
0.32262798871075166
0.9408806549321937
0.16578496349352592
0.0198559982159071
0.014552074626461867
0.07060456326160994
0.06348025959978366
0.0810535778315346
0.17160598258254248
0.2147591313721532
0.14592736632789677
0.1428690780366298
0.6841724317966249
0.015290297394625693
0.10675460781707587
0.3565857793288616
0.770069689307462
0.052666592873875324
0.28720095479412516
0.048933750612551494
0.29168436831178407
0.048450662984081266
0.02738899192459434
0.10421035709441376
0.0505822522189882
0.0638488892018449
0.10919676736520861
0.19336307601610656
0.8351007067787374
0.7867242967055819
0.1193002228455023
0.16239019650611725
0.06953799986160082
0.06002340924800611
0.1401661664161031
0.05774800669806986
0.4773608422257071
0.08746526354599135
0.2047403031444301
0.5485028090754476
0.26118374662913185
0.16781164800295748
0.08013964513712933
0.17164642600287955
0.3716645998778012
0.06851705698887066
0.28717841794239374
0.2472488750460715
0.10995066699482868
0.049287193617875646
0.032736109787477374
0.11077158455326017
0.10159805811252424
0.1528447370026268
0.25408181008210123
0.21495732913698426
0.26871671222572213
0.807401444544555
0.12294521594859811
0.25037572074976866
0.03312380138822005
0.2864323120447842
0.06581096672077787
0.072900416400338
0.5508490173133287
0.042174846940927165
0.11380301380468476
0.07065937273787248
0.23534094527589502
0.4368543306812387
0.16288470212692135
0.044260767399944605
0.4918105691501748
0.04871486452266397
0.17383162552686549
0.09968105370735951
0.28778682831580743
0.10336366407576844
0.9891311301720951
0.6811043955124704
0.5467036159735262
0.26433115023823284
0.28946355359651993
0.13289959939132326
0.16136021178071552
0.34779793565694955
0.11514137619414318
0.9484448360049673
0.1836011099311432
0.06465965873505784
0.21220773931529813
0.08188657650910133
0.2653412946709442
0.3299023800004766
0.11263127633988153
0.1931887848995269
0.241987705023292
0.14885875781133454
0.14487630066114926
0.027917295715971926
0.3711808422791082
0.5030787713235747
0.26057561423875947
0.30309116325522373
0.17202941151416043
0.03513213174053306
0.7470172722987936
0.14031943310312375
0.2541298837278578
0.05186148242476927
0.34957489106122286
0.06514048367844988
0.18575062323783456
0.2173156406351969
0.44135241352954685
0.0900783202090331
0.03867459262433856
0.1332313588884952
0.6432384112884839
0.41203848861184766
0.6139186849204747
0.462236269936939
0.32773720307396437
0.07256067067694283
0.03698437292788561
0.09351690228994436
0.10306172072993083
0.6900393841071667
0.023708995042827447
0.1705208652031103
0.1697304812757771
0.33673993740042873
0.13958920777565062
0.09492434597212468
0.6228039684763038
0.15476845709518375
0.08978195882004407
0.12868526117564774
0.19307101264514354
0.2668083912339874
0.5079020726972437
0.3288742012294096
0.03500049327613598
0.12812710353011386
0.615628491310106
0.5200589031282337
0.04912745942499814
0.07909256032854499
0.6498436836535564
0.05523446632052997
0.04467418838814799
0.02882629561129461
0.32220027072142243
0.040733488468619926
0.03499922748399333
0.05640446255487841
0.03240791299910449
0.09137319907595183
0.03937836776933234
0.546038670494938
0.10154278330462933
0.09231826428571631
0.18809632601167528
0.41979588098860626
0.2962064967426606
0.18898858197832996
0.2123127948125246
0.11596523502184085
0.2037690084353427
0.09682949358227416
0.7209372075725219
0.6226550679483157
0.5273780493341633
0.07476746456653093
0.151293967833933
0.10787681976817956
0.030354004476456885
0.06195260559875882
0.15208269379840683
0.3057008913484791
0.060114777375698016
0.051541115622648674
0.2936613280439403
0.06776632025829088
0.18996067328560998
0.16134706496327023
0.008331403579417836
0.7668985060957398
0.15221352020809747
0.01710544479564405
0.33228258341322564
0.020601394102608663
0.03577628882138543
0.23742079045268866
0.15321546141600853
0.04288382491315698
0.21065932476790586
0.0942798927409957
0.9114006724693369
0.2021910366533521
0.2452889543108867
0.1393042932225929
0.2332267046368854
0.2011728292287495
0.07189222744785798
0.7520158800302408
0.031099715494202203
0.2927905258450881
0.04191617783423741
0.05701367001108349
0.08580934395878072
0.28152081129791756
0.0909153259783269
0.4245058042800193
0.35552273304987747
0.07679940012974723
0.08144656425909276
0.2678708037095486
0.05341241012952416
0.07714718973336517
0.02373189456129162
0.035905350989796074
0.07705527922681872
0.09541218132807132
0.14863636552007084
0.05347015658560713
0.06659606060392814
0.8739947044207106
0.2529929939215218
0.07886794317147032
0.20044876395409117
0.24953278594512174
0.049109850229665936
0.29915983196639323
0.18529086892488955
0.22293295459791498
0.0706768118322268
0.6913016099791284
0.1604756118729387
0.08796340390724358
0.034178843236067284
0.19386114110219116
0.45178745933152825
0.6417258023740512
0.4575488732341227
0.6858145235464805
0.03720947233664912
0.5117121453873995
0.2871705299873214
0.5144179380040813
0.27791794792336555
0.29044824643437606
0.10423121353081824
0.06789104497310203
0.22693630829001488
0.029685443123123535
0.08698308511630892
0.9928329092073492
0.0665473903712728
0.06920770963484928
0.11310297899553706
0.5914157066025544
0.5872248263224684
0.24969910568271972
0.3364152672175464
0.692320914577923
0.575720896300364
0.35159618726131864
0.09505986663239671
0.02841373671300082
0.33113420148088696
0.33980914365046583
0.41570746300084765
0.12038802527884226
0.03850904053866484
0.06879508926838133
0.041959081128419326
0.12526126911864985
0.12460864555107432
0.10274009318282327
0.7721919960766892
0.49095253440526354
0.25063713462898884
0.8120117659703354
0.8063943232446695
0.740040583688938
0.07327121485177346
0.0532831028428214
0.10195669644677197
0.15408263754966417
0.3448161509226091
0.06510551810689982
0.6777364676703244
0.07821009313552914
0.050159869335741986
0.045295436006684044
0.2754718261522166
0.07886546108643698
0.03612170317788456
0.042548286937628785
0.9823162127477287
0.17939521408665296
0.34984064705595597
0.42147479471423144
0.03886035018388393
0.5720341550970407
0.047957402856430534
0.8754066160911234
0.037323278001808874
0.028390885071980128
0.09268705055901517
0.20046519601647417
0.3316626902052013
0.5823468309543851
0.2066967897540796
0.048936266419479554
0.05925476682281173
0.04181143985337513
0.1547384869882179
0.03199728231961681
0.05970046162199772
0.24708466028792372
0.042321202503432416
0.024337374596195775
0.05156875693037344
0.02497193518113635
0.0631165683368786
0.12111982562326062
0.05611609625537182
0.06889108334282856
0.3328846518659549
0.2876933248177877
0.3257136041981395
0.016704758071425865
0.9626820820361295
0.07748995739227468
0.06938096234733353
0.03179827672098109
0.3781405624728645
0.31781832443480135
0.20949085140863546
0.13377611001886205
0.2874274367659425
0.6355819421019392
0.3051065835855818
0.11883350816273906
0.1002551013994541
0.11748276557706623
0.3722023359927707
0.7725598875378069
0.5784694527709534
0.5467879587420202
0.4362137794089114
0.27680621975891606
0.03908652387778287
0.21252872605753542
0.2177068877761875
0.26826651269426
0.4892547678848044
0.38018155451343766
0.24766911519928853
0.16697378422849987
0.0377961415960694
0.08871843447958501
0.8479226288278989
0.8863731162679288
0.13300978788072876
0.7423818765902777
0.0509743931034736
0.15385718105589472
0.29552980729111195
0.02008410295444054
0.78363487408719
0.30723168678663043
0.9726828885927683
0.9384814951412972
0.22220923041321833
0.09731567637950077
0.07502233560154412
0.20627075302469375
0.09207525097184246
0.07384097864483656
0.255816350535616
0.802920176642953
0.21621137926570153
0.07464685681917418
0.18075781721131626
0.12457947347161699
0.1052921769178226
0.2954029739181505
0.14602245491352586
0.16843953540370005
0.23192823894481343
0.12116000058940578
0.036292492724156765
0.026642041896192535
0.07813809011501895
0.019697967905676413
0.30980282661389763
0.20224146526551554
0.3514672504288793
0.9688861790859864
0.5427682532025311
0.3848661314292762
0.2656441302149117
0.059819381909942994
0.07672486666984957
0.5399524794297532
0.056631367982016644
0.08564479715687497
0.058464565430303005
0.18434505072470123
0.0302436485471731
0.0794238599965646
0.02566351569213724
0.07963849581974132
0.3662382952209253
0.1438861735011096
0.03199094483498153
0.3124632261155532
0.029151211486476324
0.0551466604053029
0.03402688714301634
0.1980741848669995
0.1873017185623463
0.16749465657674312
0.49321364871702705
0.15769394599825481
0.20392017965523893
0.132945612843299
0.6779804108755992
0.13750098329342916
0.19760295021511984
0.058309247148928066
0.07849808176999319
0.23751769268449782
0.06110081317814754
0.16871946447222458
0.9500330315974108
0.15698869107429833
0.4445220921837166
0.09711629287814692
0.4494980849484119
0.20680796674697888
0.7812314578068521
0.8136362923560264
0.11534645444386724
0.2967259297175213
0.38214624106621825
0.7898549085926253
0.8104065510312941
0.1668056957156676
0.7170677735726516
0.983343552104345
0.8378344254724892
0.036871814707920135
0.5327785688431305
0.023934163465924353
0.41062044326277963
0.3411526265299608
0.11193208998241709
0.03489922763679085
0.532676638460467
0.011001893074630236
0.31337487174307155
0.2606052832817383
0.29620761876647655
0.28972805920364114
0.19459801896837103
0.03862025245460866
0.41704048429343804
0.8666797543091178
0.6739118605331357
0.15352135142093978
0.5208723561539041
0.44874376331609334
0.14029891771458655
0.318462325142033
0.23725350837568793
0.13840705210040471
0.86409890482042
0.06552382003516047
0.05856351254177065
0.032023899558762545
0.032108819106574954
0.35832908428576427
0.08216541214189245
0.12220429101806961
0.09160148301325095
0.12508871347886558
0.12331011140412548
0.056601282407187974
0.07330107511166523
0.1351688441400548
0.4102307330969836
0.15411741333068443
0.24486479476739945
0.09053019464939537
0.07250715286066638
0.09980521804431876
0.2724544404796479
0.13683871096425035
0.06564617403951896
0.3439916257090942
0.5182639074457454
0.03476124581011764
0.9634580913047551
0.07871901313639779
0.07282575148120601
0.987207972677392
0.1338208946203961
0.7268182902767383
0.3548846434134907
0.989302514684746
0.659692424280107
0.7891381069703651
0.7452144363995349
0.09603413786566199
0.2078211673908867
0.11256527876088816
0.29048312424729833
0.09615111996168232
0.19988530297243043
0.1770993583717568
0.07544498381877023
0.11202744669867055
0.13706472795367255
0.07981465531394683
0.09113131570439027
0.1670429232356818
0.07907394651437351
0.9931038836146904
0.08811789109233999
0.03530299701644852
0.04909475652276631
0.14456076155753828
0.9770838216952586
0.9852489804990455
0.11257261192327267
0.8785252757091939
0.9823924198348399
0.9670303270116728
0.19610512543325875
0.16264582460125257
0.31657639768182555
0.15411261670432183
0.054610969187950206
0.029836426071583353
0.10575197301736411
0.30520266730516366
0.02184826259085672
0.3942376472600097
0.07355113897447471
0.12121234868160961
0.8308104063342094
0.5692010295448834
0.061972614412346014
0.26117347942527436
0.7772725242148649
0.3763253686630576
0.13510715188386005
0.44544917215082214
0.5469258762208411
0.17623540935344206
0.08447281969678366
0.12221524247368465
0.18286756271148807
0.05016615538311234
0.1443222703728184
0.26141987859091836
0.5088722137176709
0.09299905228493907
0.07142033688135203
0.9899659827560386
0.17007214347099114
0.015301790291525317
0.11942937435438734
0.05009575063810215
0.1291850553095411
0.1437837624044986
0.7444301322127508
0.14175020670556163
0.2528887771906128
0.3093490628640212
0.06678449168328772
0.6871404715550996
0.18864871848847037
0.5080862233099379
0.02615664473678604
0.02801379927170511
0.1936339058385028
0.16990548572113529
0.0708287752708825
0.0817502440557008
0.2860569050875537
0.07439069897089834
0.02031855512496889
0.038395295344067625
0.029562365443375167
0.057742994983775185
0.6744499405521666
0.0760812899978428
0.030591187858191194
0.08324200692996339
0.42378750794861436
0.6168083764511425
0.48350559631553586
0.03550801808586962
0.1119149742356722
0.6672602749059944
0.06393635164042817
0.20195881521424716
0.03241298204200213
0.8941779366730648
0.4209223532678074
0.11109326134225866
0.30990203950025297
0.3233159212014849
0.09398163067998712
0.020372067941308053
0.12118069649638853
0.0323673602418138
0.04512785483056637
0.10693841541292408
0.07086614173228346
0.16888264046913565
0.07305098299348887
0.01803925173167312
0.07453992074071243
0.42360499292389586
0.020848530454390723
0.041569135542809006
0.316218568179832
0.035572557858979656
0.05042638215763356
0.28835001458701637
0.2953580753151479
0.12380627159964191
0.22333014370696852
0.2266267510994779
0.10988948349722619
0.41078182735866103
0.8703873384361461
0.7631891628215082
0.06774511635865076
0.34874131200860303
0.04991847168095261
0.9524230513666618
0.034118062039748334
0.02562411151678786
0.2415225881809001
0.04299734136254109
0.10033253105746218
0.047844138927615576
0.1453338715608506
0.061388532938865245
0.08832303335143757
0.4508091440241913
0.5151520364976654
0.08838852656098221
0.10237544321773212
0.4055622481920782
0.060889377926994524
0.9320738214120424
0.9229365397146027
0.053551752281733735
0.0985374289198727
0.12053416136287866
0.04723115524613917
0.5160209079222752
0.053800286871628474
0.7364835996708178
0.10159682979855315
0.7396455955506054
0.01207636137957918
0.05067526624617959
0.19506638207638838
0.254928662586906
0.18366025610282483
0.6152117209612075
0.41004806407643307
0.250898516348654
0.07031429955981582
0.10938649051432345
0.29622332703701004
0.5982507529137396
0.30259231898379557
0.07074532123064099
0.2103754442825433
0.018809477134689792
0.1921403853496669
0.9341312728725008
0.04413723038847485
0.3752864711753233
0.18830171923151576
0.6721543795657692
0.0424953026390975
0.02540674052728607
0.0781256755641329
0.1164777020657662
0.0733607944229405
0.0853045298979995
0.31029215697332313
0.043061664783904996
0.06005720337728831
0.2627677224594026
0.14608985696506757
0.09418253064001283
0.054220724049492394
0.49577458880418573
0.7613077636852158
0.32482614045868063
0.7217576383466411
0.4237031099686553
0.7043656302054414
0.6099171918690105
0.2193409687607017
0.9503842599896328
0.3293215378602275
0.367546332676951
0.6272323431916376
0.9957622084307289
0.3081032159433671
0.28616626476948726
0.5287683584365601
0.0605965881704979
0.6137460872208621
0.14544704531831643
0.15048093253688807
0.09469887039687988
0.3188641698958752
0.5621564231479197
0.9882308911264619
0.8147222517304427
0.6764661613613819
0.7862830149439972
0.2504559828183516
0.4317042930206127
0.4353317737050806
0.31132394608921277
0.040631220111611625
0.2646671593098263
0.1529623198773887
0.10088797821839036
0.12329794920246763
0.14178759207242547
0.12104799581622415
0.5553651417000499
0.5405985709954614
0.13865223000557422
0.26915431438809884
0.4176881518091251
0.04577668928186609
0.02882629561129461
0.08299923046031038
0.2869699406323879
0.3549675516332876
0.7066410034891678
0.29336023980250425
0.04135204889735513
0.023659378615710852
0.029267966594690248
0.25256578736238655
0.8393605664763986
0.32030884069697607
0.2601179737078859
0.09300275164513906
0.1401746144668695
0.3534932542258828
0.09916711094122498
0.11836547505681519
0.2607718786563343
0.20499682033415398
0.0672561230968753
0.207004560387727
0.9126185629564944
0.152047885445955
0.14981298338863824
0.9299905275748666
0.9602923461407074
0.2697315834257278
0.1161324100583458
0.16442363673650845
0.3278267268625178
0.46745699388896905
0.07723288662917471
0.02402575091927986
0.8564860331964605
0.04632962420353528
0.06568237954211377
0.5606386517629581
0.20882921330987675
0.029629614912360876
0.21610068876941116
0.10423244037385515
0.3797590744709349
0.11850930837265317
0.03589396345158444
0.3570925785929266
0.5951823475466217
0.04633214295510335
0.06120214482712361
0.3610500634244804
0.463453233722465
0.029904935978305142
0.05935493075131204
0.03767351012834785
0.01738741384845525
0.054511845885227936
0.07419296462473512
0.07261045353054099
0.03408767082114659
0.053505305868017876
0.043558532175507404
0.035194151019293914
0.41825310562627993
0.4879041040302077
0.03428773874193939
0.040794089726017904
0.22810341081785257
0.2144769593955535
0.5957960275282324
0.06717877244344424
0.08577222921024841
0.05697481608696707
0.06057531561490824
0.30156629566729637
0.05002157180019004
0.068144214556972
0.11441246074899153
0.07548973007959062
0.37583946305786475
0.0870881842675071
0.1385954671299632
0.10364838565968722
0.28414726950594754
0.054457890837243776
0.02901668173553637
0.05233880616866604
0.18630125393060123
0.09231826428571631
0.9280133562817411
0.12408956752390984
0.2564018382997802
0.6548687052454182
0.07138422501754575
0.16348297483415922
0.5677966778749025
0.26480154801209194
0.4176437106052618
0.22751588279016272
0.8775132583014746
0.12342564894871906
0.2206691949587038
0.9913758017206293
0.3291867947022463
0.04941547577031141
0.25254058750858593
0.27473743681891116
0.11743154775900494
0.17007690493248342
0.028011259757808448
0.12596107355300543
0.35240131480195025
0.05403373345147842
0.10911720116488031
0.049065826631733665
0.08870978583816196
0.15772267818431604
0.17195210623420262
0.2044251784504512
0.25394445080978345
0.4409580782150318
0.23569196046620938
0.044099411566499436
0.3248128588341393
0.29325911841134233
0.11599086121980672
0.06929246805037899
0.1849598797158594
0.3226579035312465
0.0725731164952995
0.6004803465447408
0.06244151931859388
0.022948088938412825
0.1621190066665657
0.32336797772250775
0.1797294276258673
0.01836063623913345
0.03535994920231764
0.03514099174298741
0.07231671851038679
0.06268031013342949
0.1996880567368141
0.06644505460169224
0.14614642493334457
0.5550124135609387
0.11540260347649857
0.04214708876731452
0.0872105875566063
0.08494069524149114
0.023341298469778574
0.06210141683082196
0.3073220926973133
0.1086789233317162
0.14385725791462736
0.20875672465067238
0.025959660347901377
0.03254857467025953
0.03787072857363435
0.07664163467104115
0.0759122890201727
0.13074193330930936
0.3212603131958762
0.0436884056392289
0.04833616591054332
0.2534464489375528
0.26385381180537293
0.906603635832664
0.18918799081673876
0.06451726458851394
0.018583792808906156
0.29729009265174194
0.11379079870780887
0.30915504050884046
0.043368121471656244
0.04552851667796547
0.45275698194389985
0.22804431767510136
0.053998592522983
0.1428449704875366
0.02301426495569063
0.2458267911352214
0.1710777697062847
0.09741290005540272
0.18894964200490397
0.041394963050195396
0.1022219529261838
0.4723027406497967
0.16551896947782302
0.1270067180282826
0.23151760674458158
0.20188140249110767
0.542362551251405
0.051128968110492445
0.028935452305664112
0.0661916908461705
0.27624220716687226
0.30000223999880543
0.14063438042066356
0.5435823891939308
0.19858173363815598
0.22021801617023914
0.09254398361265878
0.14190095023161567
0.1757201985050347
0.07877734526211956
0.5689263226939761
0.19299916840701403
0.10982217968008287
0.09438094758572076
0.11702908038591295
0.08543816838568302
0.5005850572716221
0.13655706344446028
0.03966133144082816
0.427880830402054
0.030241111565181857
0.27708477281118266
0.22849268948474233
0.19634385966638057
0.17816102046987584
0.08241819269575988
0.06533028716105398
0.33744523267227566
0.04358248998579323
0.04002761501631643
0.4179166912887565
0.5325796998060877
0.6455819804122146
0.05547654180518766
0.37061902173784805
0.03894374650550593
0.6428483265104605
0.5929680121988702
0.46327321899614426
0.4778005234222253
0.32815826298813533
0.4727538258199408
0.1221057254518265
0.11417065637904258
0.11608482138259499
0.908472720697071
0.8027413940143849
0.4349268248113483
0.07456479005735366
0.06664098602408201
0.13593682720692754
0.05879144986989374
0.09770700629821386
0.8861235404241337
0.7613503622692155
0.05030318680222751
0.09784112538745987
0.15774542422862264
0.10442627297210556
0.04430236505601448
0.17110632504961734
0.14508703604623674
0.03987353063611315
0.46364564550403947
0.09435876521204982
0.6780295667632715
0.41680867098733126
0.40248273124111067
0.1642398338811991
0.06886615021684422
0.03553459351255068
0.02355250872907261
0.10142608748107217
0.31038800329210403
0.07708508845829823
0.34075505480300367
0.14488954748605054
0.07006636181222821
0.9702623525129939
0.42314599563634253
0.06377266912166078
0.4400655724520432
0.04349296211431408
0.21569749396865415
0.8383461181237919
0.5717588643567112
0.10380423056386025
0.7922629061031471
0.01590827626674168
0.1263291099871317
0.21592240678663174
0.12915109233758276
0.059778073479329716
0.2619536451907592
0.1390893754096141
0.2124353530530455
0.38626663417470286
0.33266303151406373
0.1010157603735031
0.03502834052170146
0.25768431514883794
0.08814878723112218
0.16929469445980433
0.2197202137367903
0.05427844951297474
0.024437848081518325
0.11531349673319977
0.316333035828127
0.3102219411893489
0.18591370019592798
0.6647207393152164
0.3150490834957493
0.23998260290038217
0.04127757825977905
0.6205071470111033
0.20887714801349624
0.08739479788867349
0.08023266777717414
0.4161226034446144
0.11144668451066377
0.2559387216833537
0.06063537877645474
0.12003238673195184
0.0602674664010908
0.12710749125074444
0.17558603359808814
0.09700059293725351
0.028651126055983567
0.7426382548092441
0.13771605769182835
0.48841096501002895
0.6487327619112361
0.08543321895634597
0.16008938287022126
0.15570691164618095
0.4574004981509278
0.01613678316549925
0.2529093918948253
0.08726993216162977
0.7364314392507463
0.12923357292533594
0.949233507873233
0.5431599550703953
0.34419778768837667
0.24386440897814912
0.11210079519877461
0.33361439902863704
0.25879585347568695
0.7281258239748944
0.14828650244911676
0.12482256224835786
0.745891038357936
0.2847892715794702
0.14523995695561628
0.13816426257974196
0.48240728033716146
0.2578705641466532
0.11504981721021952
0.04998888203571481
0.20759774276873302
0.11832159182620845
0.027364859684206405
0.853238937405604
0.14741220001343083
0.6698765532974444
0.24601293374124797
0.04758486868626333
0.15971026154723753
0.12184164520905777
0.20866201803506312
0.15437641543168182
0.5144512202991212
0.18988754574534433
0.18138432608482255
0.13101221263849694
0.5478245846389105
0.40750812457077557
0.32151418775011226
0.09712983183551885
0.3623842124343893
0.1322819565823868
0.06727109387928792
0.08003173396898558
0.41872060831015856
0.1458623666769968
0.05206875400313813
0.24413812447004388
0.17972231723785312
0.0957792185094719
0.09697843693573183
0.7772610852528484
0.11149804231017431
0.052969218923513604
0.35434784153659193
0.22318730348724522
0.18794876133248134
0.19664723737047934
0.6632651271493937
0.6018875031958335
0.21476029729496626
0.21389617450946566
0.20099564940759723
0.26998380508085373
0.08750358602883167
0.5271145020915035
0.05814514909967128
0.4410501315099758
0.2771742190453465
0.09369565557975218
0.07700559628142714
0.2575346185175129
0.19474277523167752
0.11944399480007144
0.32459812751120604
0.33200023499579623
0.20503312851113542
0.15151008559760817
0.07486568663755536
0.21409795095785153
0.08336957774489374
0.3037195829616628
0.08902605695337532
0.152590352283715
0.13029098932708977
0.1874304341456937
0.06880630956966217
0.04162340390117859
0.11569919298244637
0.07631985763333393
0.12241235930572295
0.5967877678532928
0.23175011524274688
0.18716118543646068
0.33960584293679974
0.18954900367004116
0.10446920826024894
0.8751521860709183
0.1025412006989028
0.2341881929912848
0.511388940733798
0.07055348957420786
0.008231486641337847
0.08224347981211495
0.13756864943557065
0.035184025540448256
0.04122835054041729
0.1825184486672003
0.03890078515346181
0.05495849319019641
0.05163534594296433
0.028144580338373238
0.10536452454927084
0.1355970129194642
0.10188792102498631
0.20345725744720441
0.8513330375789531
0.10489360912463154
0.5105038999540765
0.08651193211018532
0.2015869740891663
0.02597745319888351
0.18952305051495835
0.1619744378745162
0.171875987567979
0.45560564612859017
0.20134530151582847
0.04031554745104258
0.7823436105878853
0.123589823387536
0.0553423374101897
0.7962501355102133
0.06838239204368479
0.7349550597064413
0.17123362970495679
0.07992505798015766
0.4145590330656138
0.108276071294828
0.009451962112889813
0.5103320999559997
0.029717163076201723
0.0647720687085799
0.09668300227378904
0.0361596575398373
0.20093463045916474
0.5080073036991452
0.140108236043156
0.09938967027274564
0.1476323119777159
0.05990950672708949
0.89829340851105
0.6273361383713862
0.3726588148477365
0.11315307616847496
0.17362841659744477
0.20428810235085904
0.05216924236074477
0.050093236141718935
0.15991358405714032
0.4508434971446376
0.15736349852722586
0.20998168775040432
0.11184284212162802
0.07005763987859427
0.13361511994528572
0.02542072409204394
0.14956064705810862
0.18365789028707924
0.11625564772397384
0.3250342082117733
0.512346282278791
0.07846953284776038
0.094152951427984
0.05232875830337863
0.18522231104424194
0.024807907707047962
0.01964316446892126
0.06719998176219422
0.6781371488223689
0.022248030499887703
0.3790249171160711
0.5904503478506289
0.2490371906614849
0.13225773173576574
0.11902118085042171
0.032296391145039814
0.3676005452143534
0.10658426571378363
0.0865255363632466
0.7283669906679022
0.23866403464912564
0.20791474147339795
0.07115757849455352
0.08154077143773296
0.12216656891821653
0.1881470859266049
0.15140683201260347
0.21218672759808133
0.12353996430475835
0.40594752750423446
0.05572611534343938
0.381488322908051
0.7551001968747325
0.34603370066703476
0.5245021919506644
0.09357237900089642
0.5364974414647293
0.20954461515160017
0.0710454919710788
0.19561581389755836
0.09672362689068302
0.051395364864666386
0.01531839103860955
0.5494463832117273
0.07270628237195002
0.1766330111990303
0.042105450858717856
0.034553624057046574
0.0908289241622575
0.04648578141360479
0.18017022597783802
0.5385251542334207
0.09492188188293457
0.053547986392445276
0.08261023701329481
0.21316938859997012
0.3352063886611842
0.14426204119560168
0.018693450179252263
0.20115640257482992
0.2602480860548503
0.219940051985744
0.07315425828832005
0.06603316776103538
0.3226623353200663
0.052368949492137024
0.19192828742798002
0.25139023952717693
0.02274445815258487
0.07883071160333774
0.19584989747924375
0.12599144193982698
0.19099834506977711
0.4075315191528824
0.18902044143335828
0.05717534517221517
0.15683060591487277
0.18264626646213833
0.14037615111369708
0.4266180895399173
0.2385429713151181
0.08566211845055902
0.11225237432863978
0.1811202433709309
0.17309237631843624
0.17534142836196212
0.20848779371313897
0.06952429068083896
0.30164799310777207
0.1925539162342583
0.09572256575586212
0.10952479447697733
0.6008722905704238
0.1393682815124166
0.03737512088046597
0.15426730256922477
0.07924394686223156
0.07633103985992559
0.07570847654928856
0.0815085431181645
0.14663621799655713
0.7132295573902492
0.23172582449506995
0.05666270668923976
0.3375101386360194
0.40739327456090224
0.42864083555147015
0.3010189527341365
0.33309191723012527
0.06812800259327825
0.5249075507070365
0.20411703785368415
0.3301971562209356
0.5848866183164664
0.3742146272844082
0.09678271590442084
0.0744690416547833
0.1453097912790071
0.38458118493228904
0.20375728929179918
0.11568942935762196
0.5311550548343178
0.5209045254568634
0.021031954237743622
0.1772132599493397
0.1490210297316896
0.20986366355307182
0.29344787440917974
0.14336804439504777
0.06112082967301949
0.04325840725393411
0.6911671352135667
0.28723475961961537
0.09346758848526918
0.06822153152134092
0.07489303884316746
0.30630508052160516
0.1989963778722512
0.024514154043665404
0.21264426952033066
0.10066925691812216
0.2711104822222855
0.1938328851729781
0.10034236319997857
0.18199171216567994
0.032897022640412395
0.04017663732150089
0.1496916252834951
0.045788026456039486
0.15581235757270515
0.0974879685635484
0.046857240442566055
0.13627175249265855
0.20638546353862539
0.16507278962061545
0.06899953917595207
0.12365062560956294
0.07162952505656366
0.25822016534053815
0.12057556481367426
0.1725776051082817
0.9560303624817148
0.06934980278683679
0.17996405730095671
0.10416005546294058
0.060587828907591734
0.39703458500263245
0.1542157418377894
0.575395269991625
0.37889875801783146
0.049516084048872255
0.12872772385771025
0.29258485154235825
0.030385714942473933
0.08982024107302614
0.08612108320792314
0.09453128889749161
0.1084156697305519
0.06819534381940524
0.08117879560609252
0.10501012103383559
0.16285126085732904
0.16956379722340684
0.05547027075228534
0.05609101915621032
0.12453085247473755
0.08929411062946514
0.22296431431514338
0.07831561056723613
0.2724998295579296
0.11410470510493151
0.3225271615305412
0.11233304927252484
0.05372372109567539
0.07988536327448828
0.2394986079657039
0.08231411008873238
0.05382162440491784
0.03517516570878457
0.12706863947415986
0.2477345549619483
0.11226826508251442
0.027871582051630796
0.3563121651834457
0.134026649901329
0.06473085237988095
0.22806749165142334
0.1494416783487214
0.015241771180516502
0.0364620042390858
0.045498280562336305
0.14221928629235867
0.5173013486808417
0.4379169276931159
0.39273974599659484
0.6490943525674049
0.8468841124946305
0.5484234966007661
0.2369212126199042
0.30795036187369446
0.23028060595857644
0.041170285679343055
0.13194036142573468
0.718203192700916
0.047966212031571843
0.04900041853526224
0.2681289326173276
0.2424412112227628
0.28948606600588783
0.12256201023069795
0.11323005252147358
0.07368175811674352
0.3159418195419692
0.08080312099115712
0.7292239216119097
0.10748239576555725
0.058265405345648745
0.07822747282364567
0.07316296803261527
0.0775197607648785
0.8734762268126978
0.6123733898746456
0.2400667146123285
0.207913571822548
0.08184691702680458
0.07232169739475411
0.11109326134225866
0.1970446209642718
0.04683079964499053
0.019924814382662706
0.08586377779434443
0.11877866570530153
0.07625524810607552
0.5385181794287165
0.023773876403296892
0.18540552120164336
0.16021374893881893
0.06082556806635481
0.1773651193829418
0.12951737939757269
0.1321220676286167
0.22520360244556353
0.23164485333931717
0.24184150350034148
0.028176322162102616
0.0943698564268074
0.17118247079010127
0.11004855704386525
0.0296993999579366
0.23485127494096494
0.283797414544266
0.05977306634460222
0.244507239606398
0.23821202976919778
0.18088337041374944
0.04051253243392314
0.053856768130948654
0.0116607054871444
0.035243512071000675
0.018062209296534966
0.08412246700358177
0.038290391857082516
0.06123341909312194
0.11371872825135537
0.06360272639850735
0.2387966199323132
0.04932240906276643
0.07098072828262036
0.058239099848246885
0.11263860928165105
0.8749753153080995
0.08448396074311874
0.0471027471407452
0.09749042978276759
0.07074033880039901
0.0746132844208686
0.039464271250417036
0.05792842088162853
0.037802462623075204
0.3649826250508017
0.13664530885348217
0.04976129767265232
0.16840737102304792
0.05667649558037423
0.17437579869561146
0.07136928200508154
0.22282725734920117
0.14100598386092847
0.053328298477544306
0.38046064558282067
0.2665023083986144
0.17456943428311553
0.08139078179925768
0.15205748780574666
0.06661602756973713
0.07982954138837134
0.11695101754917155
0.17475711358280058
0.03983058719050672
0.09436615936142645
0.05161650019827082
0.17907754478327487
0.4572604137763217
0.16344476674151243
0.3401794295684272
0.04143408994017313
0.16254668270193326
0.10973651729178445
0.05591797945790101
0.06533278446700791
0.06191508858699266
0.0540651088110808
0.23504530871231402
0.05745104311049509
0.2665853761462811
0.08371881159135015
0.13955178468300514
0.19667075323562547
0.1381558067362383
0.09135962469174506
0.03198207232628843
0.06356898622058611
0.0727722400732418
0.2412312627695463
0.6372244277512588
0.03964491042332593
0.06940713603945504
0.07620057703197045
0.04906079530794707
0.1179131918341273
0.11962674213702142
0.048887207671401055
0.22055873472001722
0.08224967554078172
0.07061826575784191
0.08676174229602715
0.053088500032751854
0.23687621025347586
0.03558015065078486
0.0313330161289087
0.006871918462990747
0.019255678667759492
0.02754775017194094
0.054673703171309894
0.053699872200630605
0.04477375088185194
0.043479091277187965
0.03382426293213086
0.17466446381218323
0.2156765164396973
0.049565128935455983
0.11714251048963893
0.14178156221792643
0.06773513798273696
0.17207222555785617
0.04144544923121781
0.154300876341269
0.10064099359034342
0.08272545558928267
0.06282282224752744
0.01844862634048181
0.05812009489547622
0.23571274244842108
0.14920492327683654
0.2791037496298341
0.12902251344804078
0.30033709294267313
0.056880811846738065
0.08340177892163776
0.04632080855061162
0.16710729205209926
0.2570683200899987
0.18993708402761839
0.02148535411970743
0.2944385655590953
0.13835390645639933
0.0320809354319031
0.11804974000428457
0.09358100858594237
0.3683040949172533
0.17225060828922004
0.22630671224911048
0.40203389213112456
0.01642780850962075
0.26988950951398855
0.04787308470206791
0.13259685513698116
0.051615243809613645
0.14989588750824104
0.2622273195078802
0.07084247637993567
0.587026517786514
0.15816558460801783
0.02234859781280233
0.06356898622058611
0.07642546529684714
0.12331984111678429
0.41103767998249147
0.15120991623540014
0.18322845177275418
0.17972587243478583
0.1863166128574606
0.029941727468919616
0.11312741678381243
0.075242371366677
0.2869451473632964
0.5306659408455816
0.057860767280133146
0.05943380666479646
0.3760565150451932
0.18059198103958143
0.021393662672508102
0.1097646638738266
0.2804448938159004
0.09644170122178473
0.06421745755026517
0.05397349151966316
0.2655644408501779
0.027439795790000377
0.10455262299368759
0.14092153409671176
0.06103450724946479
0.039792695228229515
0.03434598299535658
0.10950154043774525
0.058014864151403174
0.08803261550390551
0.06746570484893923
0.0139260552598861
0.10202546971764166
0.05900433723144665
0.08267218323131877
0.2320462087969709
0.06852329127885384
0.07351630590121942
0.13754689983309115
0.055688492986171005
0.2031431167080893
0.01884007664917355
0.019657184080360567
0.07549345889380596
0.06717253436989258
0.12952101770279856
0.07353247846769466
0.026823721069199894
0.31088611062718347
0.07460831068890847
0.19307807916204525
0.08143168907418509
0.1227055681686484
0.04046707590549755
0.02801379927170511
0.034376370698364
0.047922165807250755
0.026761469028574483
0.10554231792994537
0.06882625663163837
0.057330742763526454
0.2273570950151686
0.18373359510461396
0.030520162320156648
0.15434164379562768
0.20764219559416044
0.0605427807237922
0.03612043802137051
0.0873305114662166
0.1710551631256356
0.1287398559010624
0.11822041325050149
0.18559462504530128
0.3915011985077933
0.10030672147427439
0.03850019389819792
0.0632640517061433
0.06451601547660049
0.42498874520701047
0.13732818344162456
0.13947090032051965
0.033073126570869284
0.11023331261549267
0.404627484916028
0.08467211214428229
0.18727810018986926
0.2860850911155423
0.15110784921189785
0.019975787958036253
0.12299143940497138
0.043390820290559594
0.7641163033964519
0.20947215066045524
0.0766080925323034
0.08422894048690115
0.18335977675158985
0.46863057068065656
0.06616797551511276
0.18786375949285994
0.2795821813155806
0.14615846048163164
0.20251117961020276
0.0988018681199842
0.03350382587300858
0.06854822826337735
0.06327280041150293
0.3024491310136913
0.32708168348507305
0.1469237846833075
0.05403624349654302
0.03220260709452186
0.05950391623560962
0.02568893737242887
0.021444602828911506
0.31408921757221425
0.04568221058600439
0.04072212554948213
0.08332375218380103
0.06135475907315451
0.04566835337358352
0.08717967827597975
0.02941263294320481
0.0462968801738952
0.1324600009594723
0.17302580772245388
0.0724386979540169
0.1415415604609506
0.5885483125128209
0.031578969766521456
0.2635575572484589
0.020988647199224435
0.32580763996464523
0.12671287079227303
0.08299923046031038
0.12135112593828193
0.033876187138243974
0.06317656275485325
0.49271513776663706
0.08356525457591711
0.08252103140701335
0.04261514627863552
0.03268669327767203
0.1966025565186362
0.03140655149706392
0.07806732624120843
0.04794355979648874
0.08265731629744226
0.08291747319321693
0.022713911937041687
0.060943176972371595
0.26453959604195554
0.11687173213436917
0.3517983178581268
0.6323469139934635
0.07575073189723606
0.041932582132462065
0.1879452196560705
0.01684896249922434
0.19508873857080225
0.01733638135485164
0.05242923491334579
0.12178322684305551
0.14050526959115414
0.5350286963224703
0.0706805487631512
0.5114071223859838
0.06633896985363853
0.5369073383643221
0.2684438754606015
0.03803632803337039
0.08862453312942976
0.11751081292252763
0.12822782512245126
0.08443939622044833
0.02158468228415673
0.1477020695936584
0.12427679019171223
0.09167304824473016
0.03428140775328138
0.07388700119462897
0.04779883174241345
0.133698642593145
0.0714402604161834
0.04617723443339457
0.1978450437535988
0.2616468598781615
0.07710868714825729
0.049361396941012506
0.08600356763013234
0.613587859193931
0.3094282277446716
0.21184233955347623
0.21373870570148953
0.09651926515831842
0.04652355973865021
0.30974374255065557
0.06474334225735134
0.10922002463297262
0.10788171899980173
0.2454636512674061
0.08202413982010003
0.173503629724431
0.07023830149155
0.17282846734881205
0.1134585219778261
0.06440609087306852
0.051115144766713194
0.5655374051232448
0.6615324624683173
0.07154112056036453
0.031440782653251724
0.10261977765728801
0.529033688669686
0.2213457848056975
0.3054596137667212
0.052130303661006246
0.1812469597349629
0.3861419926169963
0.012109610525200003
0.0688250099455261
0.08507806843381277
0.15234313861075388
0.16013004179225884
0.15808419236644333
0.13315266137857631
0.024435304504634558
0.06074423911438117
0.03443461263984663
0.04487834972110938
0.03793899243546089
0.171588139656827
0.054170526775748976
0.054170526775748976
0.03179574150346137
0.09189143122469012
0.0726403227053276
0.25343499924505514
0.11009382971512156
0.06471836243206627
0.15337141071969682
0.7007756207028059
0.29037623879872576
0.020504570365194066
0.013538857880874916
0.1302776535451072
0.1503475993647022
0.060640383966555134
0.05566717336763888
0.027846185167612066
0.04802787528146357
0.13053465610227044
0.07030308689405966
0.05555304722570567
0.20545472690373107
0.13272885679260402
0.08805486162739427
0.12001046191786811
0.02868666881478969
0.0620976654097776
0.10627050755805163
0.17879421073656393
0.02340873523648624
0.12496232606447444
0.024628608108350023
0.08897046570669595
0.09262045158430604
0.07466799473455736
0.027397882684356407
0.07156353330184223
0.10010760879676775
0.06269031128220501
0.15151008559760817
0.14299081708445546
0.03724235012501388
0.03275511584629614
0.21720733638304426
0.6492798297566051
0.0894695013916274
0.026128686718510555
0.04275768874298692
0.047728352065854046
0.05450306259457266
0.023496527228083684
0.5259787446634571
0.08701276067795814
0.1059481234050638
0.1217028990442525
0.13518698858940884
0.11767055400156762
0.05609227301789019
0.04417000618158003
0.04250539498354973
0.04360266478413353
0.13831767004745513
0.5333081228027361
0.06712512443713045
0.5679488398951154
0.04913374838956355
0.09155212632736266
0.038870458994996734
0.06554504519343093
0.10198371477398385
0.02602193470719021
0.07979232601431138
0.0715461011891875
0.043954433468268994
0.10723982657661742
0.2969166180309875
0.04602105558452606
0.1273418013908107
0.2294285216149214
0.14071763475026156
0.13497045498573676
0.034967582447177965
0.03801483872119222
0.051841382335190075
0.023563959318149263
0.0793916007879068
0.05784698573829148
0.21878361264532692
0.1976358577329737
0.07328490085422952
0.1258760398264681
0.07825478348608707
0.018180819635091702
0.18818958168047267
0.1803621584366367
0.13895775797572327
0.06398382980569124
0.21966670471407373
0.22382942885022328
0.09855587919754549
0.07858869112469756
0.08861094181335818
0.27739385574612246
0.05592174133376525
0.12255227714830545
0.15737307742255854
0.2020315337170851
0.02225057656354481
0.08322838242680147
0.3725452454210803
0.0761061419937914
0.08296330718541094
0.014285079572310578
0.07902058604503114
0.05036855661583917
0.1205232014948614
0.08358754577296051
0.06799456115548431
0.15092291557709628
0.20681849900561738
0.05443279501983571
0.022256941710020222
0.04177484349506737
0.26552459504300213
0.07632234257746212
0.03234961817899706
0.07324010998601145
0.33249211414896707
0.29248144484317173
0.39475560893676526
0.029275580846451477
0.5780749448751645
0.21141031701254936
0.06952678326546974
0.02449380604150713
0.13590055062466197
0.14138837969235674
0.45935236756296355
0.14210835627797871
0.0883774052096361
0.2261200007815095
0.1248322852376008
0.10306663070952266
0.2055121047298808
0.04554489440254585
0.1140399732219736
0.03279186043477423
0.0715573075630772
0.16082829966457515
0.06569611250912905
0.08657624238579321
0.04206381217228862
0.05802613911246825
0.07566249187115767
0.14646534448206758
0.37651861928564023
0.0796968036857751
0.08773474301706496
0.44300109732160803
0.031693062776166195
0.24048607138945347
0.0584570502796762
0.04722611977368035
0.07934569264074733
0.09658574635774737
0.15760056376751538
0.13407506009037326
0.06350525337314442
0.04347783028771308
0.05687579817552626
0.05614242690489129
0.36663317983452365
0.03821581890878639
0.10313291436075414
0.25267918300424463
0.011938244270241158
0.09198519354823362
0.36786291379417557
0.2758377921712194
0.026128686718510555
0.05110132133703105
0.5553483465522993
0.02971970065300152
0.08437007184159805
0.19773927808338249
0.06617546459443314
0.07941269340069468
0.060600342129733635
0.1592640812784198
0.05575872087117287
0.0376014451938126
0.08879750620019015
0.06793469696492169
0.0859553225811876
0.0837101433345428
0.13754327487825976
0.3082727928160982
0.04660289213504623
0.15740420854054868
0.11236360718870347
0.11914547468853515
0.18234209502630483
0.047168211021818875
0.05316006562688727
0.21216104633071245
0.08332499072498248
0.12771324683515842
0.09110292969110848
0.04221522184908913
0.08388845491051979
0.06412001153610442
0.09145340963990992
0.1319306700035943
0.13327978671552218
0.08706840128033855
0.1172230057112454
0.21479527468434365
0.05834056219282048
0.023298036077954307
0.0359913882896725
0.04909978776977402
0.03473086334490334
0.16623576668003942
0.03734224504836246
0.10032884399268902
0.024530686659180085
0.04138234132629014
0.07278219578197176
0.1549890243643387
0.17090761964237025
0.35241660592322305
0.08224843639643864
0.05518930942599009
0.05677301542208823
0.05162152574580243
0.07933700720834712
0.06791224747652401
0.05875262703306911
0.1931699417716576
0.4076282848103634
0.09202713855951924
0.08438864108509093
0.03309846412326493
0.04655252268713386
0.29460363538492595
0.030085081637674656
0.6113300288280066
0.38849708514021924
0.050163640966295386
0.03100080895979007
0.19331361645717487
0.04770695600823518
0.07746263728117567
0.09154348879370355
0.047676749459148744
0.034099067576595164
0.03520807347771856
0.05495222067531424
0.11945617843025784
0.06590833845717259
0.12204731413297637
0.16416225007680627
0.07499747142712654
0.041273791550728
0.042092833157092696
0.1573718800629529
0.0584445249721169
0.195467587007582
0.12761614300776702
0.049663215465810394
0.23947325281884566
0.07453121641385299
0.030772546401221988
0.06979596589839897
0.0764875850964424
0.11994468615860807
0.1107936019583385
0.06821903746782386
0.0684534662290831
0.2742635748764274
0.10230545297370712
0.06351775015422058
0.04663311325689565
0.05447922205926684
0.11017580758132393
0.07870784297928282
0.06765905138898308
0.16009297045281076
0.39052140281683234
0.13662717652655024
0.03116311481619461
0.09510791286424264
0.12073142960735893
0.5024670489069604
0.09771438921291886
0.07487936278262824
0.15956313985273382
0.05672162226209419
0.017273864966627174
0.27141249320741184
0.17150249156561342
0.16580881786380242
0.07962608969233356
0.06280157102179805
0.05983189946444525
0.043980908433758806
0.030889216844376483
0.1942755187987931
0.154137798874601
0.17817880924633753
0.3424700004513891
0.11354159587990409
0.3189807126262004
0.11259827779857733
0.16142116416603838
0.10753874638876937
0.20500619024504643
0.037554664955354304
0.07948961769461543
0.023710267244444357
0.02032110338330949
0.09095112002438835
0.08039637811378612
0.056661453149438365
0.22982913622983767
0.058771412361447777
0.1426967031951621
0.06657110164374655
0.21212369121083366
0.05774048912238722
0.2089800286394933
0.10085480279120874
0.043408474767627665
0.06755177732730971
0.18490904473201372
0.45955346267550934
0.1219231849049471
0.05655740688025472
0.055778785573521804
0.06627656468915095
0.45982397658493535
0.037968067149755994
0.13167383164609625
0.11424149072349422
0.4103953336442299
0.022492439408661975
0.2154387567536247
0.07890393309127249
0.09421087701218683
0.11917837481809158
0.2505305091673872
0.1092481778379938
0.3018494252665226
0.518603108573578
0.2718994801986644
0.09577429224092876
0.23221158692360472
0.16825607289871228
0.03347469295119917
0.029053487849244792
0.20993494627068052
0.05623270104872908
0.37473225047892395
0.14411989373311923
0.2595152439369145
0.24957522739097862
0.09756303451175158
0.45024900183280164
0.27400165820125416
0.1145260263262091
0.32630982984858914
0.354051013335741
0.05278086730091071
0.2511392342231033
0.06987820962323714
0.11662409921625241
0.0496405804964058
0.05339357943911777
0.7827016050232383
0.07993374110198569
0.5046229683190702
0.11189174550866673
0.1299842457463793
0.052646500059862794
0.08771372974620531
0.4643582368729542
0.03815514755250105
0.8595514967443989
0.15673239570228845
0.08085891828966053
0.2627221241595057
0.18189582045898567
0.300150074637333
0.2784645404423097
0.23635342083870126
0.047937267468056814
0.15089289239922432
0.04771199039323456
0.029652453894396486
0.04191996345223529
0.03518782260039732
0.1835384132193897
0.008836044285442983
0.021333806507971172
0.12167368820478894
0.03043771913270627
0.06426992670765751
0.02222384275073628
0.05824912102685385
0.02725308591138679
0.07101560127329787
0.015309452190066597
0.1595081161686492
0.07000779959896616
0.15587706049336
0.14766839378238342
0.08334976140273932
0.1457672710986766
0.27420915330444773
0.018333855957258283
0.03869481188446381
0.022846275860892704
0.10993231212461439
0.03897280812739674
0.047389766799133
0.06682067860012862
0.6366748765391671
0.912692100338027
0.04838146216025318
0.04507745201058433
0.14485944094927133
0.09803060081432242
0.1659113886640055
0.18270307194179133
0.12678330058742712
0.08328164137032122
0.09109429039712345
0.20319469520509267
0.09573734487557749
0.018571041603594702
0.14137390536218936
0.2994948192435944
0.060487720590908955
0.20416624958439517
0.07670126388389222
0.13574576376388808
0.09916096257386774
0.07553198960601167
0.015160040446137642
0.07521626657257094
0.027222601185584203
0.16443676491557627
0.02224421139897316
0.04273498347415933
0.05522317718291457
0.16908034089699808
0.08699050404413794
0.017958898402515182
0.06513548863055607
0.10608296663887107
0.024355180352856998
0.10194441527920811
0.24960275652429237
0.07658573082386723
0.06065289689242885
0.04816755510167279
0.14020237211744715
0.06891102964159383
0.16363699438007356
0.1151194023867114
0.026051164931058583
0.47925448485442607
0.09444995798643707
0.17296042585761925
0.315417119221556
0.06064163526231677
0.13398307981328417
0.05391450304620372
0.12336970521519267
0.16466112514017595
0.027226411799034737
0.018067310945676415
0.15112466058063426
0.145632444931765
0.09497362717702697
0.19570051039426842
0.34322162728240124
0.2020678920457693
0.059034390273749585
0.4085744330323256
0.17858791069191435
0.1498502305579378
0.1251385372796528
0.07413575516624811
0.30032813436176853
0.05643580446286196
0.1213255623677536
0.06637266791202333
0.04888594974056364
0.16346984087825336
0.19899167980180954
0.06210891965388394
0.2927017399515693
0.14315593739643853
0.027075252485952182
0.10350357497966446
0.06603316776103538
0.13015520301466577
0.18769610715322232
0.6428511603405752
0.20734387609677365
0.4096306253616406
0.25516892406334096
0.20061190529226008
0.7674195972557595
0.13355096269804964
0.21603660218327095
0.06267030893957118
0.1666471321870721
0.6297266481221188
0.050662697010299594
0.06889980987063439
0.5752563978927492
0.35693782723614875
0.35116235942684404
0.18790744141235136
0.07520756490608624
0.24402542235481045
0.05325799375987989
0.03177926251945804
0.04751564094148419
0.0441914362471398
0.12537184339331156
0.08267218323131877
0.09215543599180001
0.06283782299019093
0.054775328466823675
0.10280024847668437
0.037616616952410316
0.17854641117684295
0.07630122046338456
0.1862799875436199
0.05820653070548372
0.10541847716449881
0.09529269629613059
0.12058165349041032
0.08303763055629328
0.04224676423721475
0.09832462453709048
0.13467162752745584
0.023149156163358726
0.16354864342035055
0.07063072249903048
0.2805760223664298
0.06300907428029894
0.09076473776388223
0.19041117855351594
0.39080981572043105
0.19256216248147803
0.06422370394361636
0.06034630990079417
0.06623912074721398
0.02729627189494968
0.10204880301730168
0.025957118500493998
0.037590066307161704
0.11900412036139463
0.18209588598320595
0.09375482588757166
0.12676994338680153
0.3592426436487881
0.10995189064738577
0.020442142315126515
0.022312954218706157
0.06626907595135903
0.0422429791742083
0.2509076870531371
0.05523948369661844
0.027933803198421744
0.061594917617565616
0.23720274432120975
0.021701832917680918
0.29289728872931875
0.026404439170177853
0.4047967960170184
0.03187433190882867
0.07141784642689339
0.048171330110303605
0.030348930760138663
0.2195806221745835
0.2492815611121067
0.1515725156191374
0.35324980154838337
0.12791108253754377
0.8495994409672287
0.02201378025626023
0.025083822993341044
0.11824723212328332
0.3263651297178967
0.1801074295569518
0.067017824528774
0.22451662606540979
0.4482393363447561
0.1956428700852099
0.4963771661823766
0.13383905027821458
0.08717596913320648
0.4530980768608169
0.25050757826148545
0.06283157269307388
0.10421035709441376
0.5082106671255746
0.033985097404493916
0.11562962620667616
0.10919309514251305
0.30925205393213223
0.12459405955997029
0.05546525389722204
0.08900382062284948
0.03801863096779385
0.5429432362091547
0.1835277664270545
0.09419362274212913
0.10690655653158161
0.12708199485022964
0.04057566496387442
0.24969107675302307
0.2633421769642558
0.035154914532943185
0.6056936983448086
0.34790958724266924
0.14305831303090719
0.5957002132367414
0.12371142614214185
0.39195234769054693
0.043099501223313075
0.03918380941807166
0.04783029516330418
0.13420576223856864
0.043514398692764224
0.050758221421955074
0.05961909143886103
0.09805028563762591
0.05805996365223926
0.2966148738450699
0.05696102904731936
0.03533210609298189
0.1267918005817061
0.06506805438268423
0.0616449473766081
0.08244421258119888
0.06274031634985101
0.06179377924108647
0.029132174749333346
0.08025251210028646
0.12737943435780366
0.07364195119483563
0.08156680166032096
0.3250674085941584
0.05018752781132796
0.4321918331842234
0.030941209318796268
0.1940624538649549
0.193830530495472
0.32117494233221416
0.20221683748649266
0.413455550850624
0.09534566468750867
0.31590847386124976
0.08195845750601415
0.03221654821603535
0.4879705346366782
0.4043079918783078
0.08867271984794785
0.11972420114893939
0.20371744372551803
0.2594798510675476
0.061283457002082396
0.1276756196138863
0.24095602151750145
0.21027847237977682
0.10792458681027685
0.07144150563115816
0.0435005279890803
0.0343383860049851
0.1708945306218932
0.6809062285175975
0.0903462460127631
0.24009206269610794
0.08411751462358039
0.12289169283204743
0.027808089300728072
0.054664920520231204
0.440258127409908
0.19585342618265653
0.13013459185457088
0.07754087124410373
0.10633914598391504
0.09713844749231178
0.030154852463892167
0.10757549601628015
0.045420168697059456
0.1422566636120961
0.05942879875359511
0.04695796441411537
0.03923939925025235
0.03485618834912151
0.10212125747499773
0.04084458951563379
0.09152621362484308
0.053011909739976854
0.07684287682139292
0.17951373544304736
0.24639780659964614
0.14486787082152724
0.18264626646213833
0.04007813216773158
0.38487795854413
0.16181193582897127
0.18973892406578857
0.14375364057731466
0.04277787100997258
0.09139787956034902
0.12856029478213854
0.11384454462516334
0.05027552976441887
0.02573977986639717
0.039964466967702554
0.1003620273531778
0.15130117210548538
0.05768786538017308
0.11987769029893294
0.5395013845400239
0.0883514551717686
0.015933808919562118
0.3583301733926508
0.02669159222513437
0.2430292441728152
0.05431609574676482
0.059104512457346256
0.3183024538201201
0.1282144767444604
0.17424155035182837
0.051181747360226605
0.024135142132154244
0.23916205143521255
0.059789339491177235
0.15929877418597385
0.40780372735424053
0.13921615533361242
0.17642057035561787
0.14371508403066166
0.012383257855893651
0.08063448059126901
0.5732377314234226
0.04247890248189115
0.31451859788764736
0.03659608631741405
0.052420443391207404
0.3434267687010828
0.07662424251445461
0.3582430430316715
0.24714437621273896
0.06973739653578781
0.035443476446700574
0.06927377161983413
0.3580687713112223
0.40799297577765675
0.02880598680103527
0.6218244513674324
0.7882732057159177
0.1616900513049912
0.6942098345967349
0.08633754289309269
0.11400821726003335
0.2515346400983378
0.1689874477631764
0.07201672006486505
0.15305350221749472
0.06867166220392044
0.08609386963086854
0.5342399941986596
0.22222898215667017
0.5434134263688032
0.12376492921335576
0.1794307711763443
0.045834634232424294
0.14996196823892233
0.19009866527144442
0.2858144896808644
0.03627351675328658
0.2120373050031949
0.06166370824547071
0.1745005352633941
0.06305907216381582
0.046218796314022405
0.09478388848845709
0.03979774752706565
0.052908948140141826
0.7896425194246047
0.5081044350846813
0.07662051560596367
0.15954878598268504
0.8175820144626674
0.990913806148721
0.9626947932214901
0.7076749435665914
0.8899885098491429
0.6755358620609273
0.8414421686537087
0.05255984771964919
0.5779313789893663
0.17489608079678576
0.13605411736215958
0.5655786846792384
0.07643416217382172
0.9911569357351495
0.7716801797547261
0.4952502396493111
0.5526335575771641
0.43968982839453524
0.6328891516614581
0.7345418979534556
0.742686657959242
0.933533749866399
0.22943662727987077
0.04668725840778378
0.058438262291845865
0.7433820914511065
0.7359979122335086
0.4040044273161034
0.16797131784438254
0.44980431768860596
0.5232645337056736
0.2079743928214441
0.0777792814888087
0.8774749321265303
0.07471026995953177
0.9362024807198555
0.9196391996541031
0.6992032564743857
0.6645143301050314
0.38816326210935925
0.6792237589694238
0.29023446656657675
0.9309653524914582
0.8633567671696318
0.6403936112364291
0.19504284867351285
0.37190914111334744
0.7311440547673396
0.7330343040225933
0.5617221901325512
0.9420930883987385
0.9952109004059103
0.24525102478668176
0.5182639074457454
0.566765592714701
0.1323558407049461
0.23468032580001144
0.34021788278447107
0.29662048286822607
0.17381855418192046
0.8490951203280297
0.7970112060669768
0.8038199023926842
0.017828796427467656
0.22662791057338072
0.1423458842994414
0.48258251839275745
0.9728092786391092
0.9952717321524216
0.8958851305662122
0.9032301048955121
0.7115927666677891
0.6243638727718475
0.4239721163461399
0.6208090883901357
0.39820570589535925
0.9956569508477506
0.9740047962489679
0.6016742752084305
0.2096147397479542
0.9337267555404603
0.9892806034425112
0.2824380721323591
0.35716777050129855
0.04957141666325232
0.11928925680060146
0.2484358968060361
0.08042738249338538
0.05322535152812352
0.9848128291163734
0.8031267098038967
0.4834564308305294
0.5756671179026571
0.20772291021292147
0.5360665095187257
0.4871221015556208
0.06271406382986516
0.6232591895371811
0.830250433030449
0.5486693549095221
0.4223828817749932
0.952722676111058
0.5951571767416156
0.1653949072931176
0.24264145986040733
0.5248272882103696
0.6528418529770041
0.41540134877337553
0.18451296372305698
0.9679533482793101
0.7308031213257808
0.7718637438394027
0.3381084982653501
0.38384121505871205
0.7377386109778726
0.3533677104508035
0.40917485069786885
0.9683469711198233
0.9653414951403496
0.5232474640943432
0.547469514697014
0.13067163096347434
0.8097452248103209
0.7190039343964774
0.02655564382521245
0.1661141306142396
0.022603178411612922
0.015398839072009313
0.0166269093476194
0.016333357056437264
0.25001450391875646
0.3046171586629861
0.17226368911081094
0.9269112791861797
0.10523822120133534
0.9917220232094306
0.9423020451680816
0.5498110054021029
0.7077735585747296
0.3245427808067885
0.5903300084175814
0.06380640620154515
0.29067662935558064
0.110240653575243
0.062293981259074406
0.1662190719380118
0.4536480752852678
0.15142724299382807
0.10400546275587828
0.4608445553466878
0.46135931157971877
0.223266273243369
0.6604067482253156
0.3414600884462032
0.10516832205326537
0.1628142359930241
0.08944479931133732
0.9608300398454359
0.9686573723223454
0.2173959918633243
0.06209266350518601
0.4206751321507004
0.8072940906154862
0.40467433970349326
0.09729352354888893
0.4637873564293536
0.6930894058391482
0.7760358295006057
0.4817154018680049
0.2555910319276569
0.7597478096370743
0.4904728543556448
0.5618876235254582
0.6438739010040617
0.8381358391179162
0.835839929015332
0.5632588068649768
0.08166844054496683
0.4208948857345535
0.1142805707617034
0.9307663858416322
0.32776372904146645
0.9100240334645023
0.26366011159191705
0.5121534371439423
0.8342861086201067
0.7165343454604417
0.9316591357682332
0.5876038896421113
0.4019166020513835
0.9743781306682766
0.10210652116852728
0.36528548825465434
0.3163096982722554
0.036536635823898655
0.14823600210210927
0.8780589017308739
0.4116745184147265
0.5956663383721135
0.9912335419359969
0.1628572325504355
0.5627824953559583
0.17527255393415653
0.3236902562318496
0.24250335936758743
0.6439314907609822
0.9083449539527019
0.4899879546876277
0.0433403781567652
0.9229747223547046
0.33242484605109696
0.9645552017616617
0.14021082002790267
0.1530223086895118
0.3875094130340101
0.029049680348342388
0.36657894191244345
0.7749657119462914
0.38188029946443525
0.2799904024924582
0.24659883189451354
0.5607765897580193
0.2870781260281536
0.37618500769386054
0.7403089487330914
0.5410852403362891
0.2364561423455176
0.5384564015148942
0.7188913789523088
0.37984530192493626
0.3505907046381965
0.4251447802527599
0.9118723966140834
0.46108796750406783
0.5365742412556134
0.7731243758962248
0.3431711615842506
0.44166929062440563
0.6559291802561689
0.2868358281061118
0.11119232340413202
0.8220810809485435
0.08365070294260654
0.8107332364988646
0.19190236291633317
0.2864751470252649
0.7310511610276811
0.7992864554354201
0.925953703052349
0.9456331952132722
0.43907006509348395
0.44254959363668117
0.990755089240655
0.3368081667285639
0.7979294730884154
0.6676435728462826
0.482398056858123
0.5206964210775246
0.4292722029770848
0.055803866196682345
0.18678796057915895
0.2302690310042109
0.14521105933904535
0.5095426403804896
0.6931225314212415
0.9965315662505881
0.9495200652837454
0.384420952399866
0.6104033005512361
0.31634859405406185
0.13632615788353786
0.9855862176071462
0.41161084349828014
0.27585365304176085
0.6039047779485464
0.42330322703551404
0.8037019305236774
0.12275909583711886
0.9020674748270364
0.11004121544161732
0.8163857452781913
0.14213850086244154
0.16067527607059404
0.2869135918714985
0.1787029194683076
0.33760584373711644
0.356893143355443
0.1518606309522922
0.2512733366369993
0.5819647988791683
0.24350323466728788
0.9978457860301626
0.8484746825259559
0.09573365010494737
0.19522404923898398
0.5000182856306943
0.1286525036858092
0.9886544523861545
0.861454706579622
0.505804390419814
0.4711220258886745
0.8178256514993814
0.7565190047617079
0.22496805940421527
0.30504178045213404
0.4325385040109045
0.9479482334124257
0.566765592714701
0.26330912725781996
0.3278488309102628
0.7814316417349447
0.8105845931418101
0.9358871540773904
0.4510829117960764
0.8864153997897927
0.8738753257756453
0.5611873906979502
0.2240082142480933
0.5502250870141682
0.5775201559428559
0.255962737622299
0.06641510177540445
0.7617328185680087
0.8067702177950362
0.7645371761561257
0.61908567136861
0.09103751705148745
0.563325717430769
0.5126996150166542
0.7525233009773419
0.2197911692905479
0.298258798446076
0.344471907574723
0.25451443370748417
0.13825002713977763
0.18533814895253709
0.6251733831148094
0.3422428130197197
0.47609159692956626
0.4278145007035185
0.2833684808534141
0.07768739725142744
0.687677605813126
0.04199062714143665
0.7351665562315524
0.28523257889442505
0.1471848478919109
0.11095872545585418
0.09670146810166672
0.08447777127987346
0.9034502215817191
0.6432780765070785
0.04805933546517692
0.936499207771554
0.11424271198523045
0.5025502460398599
0.0820229005492317
0.12642262752865666
