0.7259047367405221
0.04484779107894687
0.9160279309947458
0.921815591552032
0.9529217262289019
0.3564685002813087
0.26914997497271614
0.7246499294431435
0.8106022027638419
0.790592979140596
0.09655426001919913
0.7390043742028571
0.16691313961507562
0.717735500727506
0.09723149608066481
0.86244928284045
0.7003693227554635
0.3420010838869855
0.3891735895837067
0.04108877572060489
0.7516165083419815
0.905812579026927
0.3354543591272429
0.35137215082862017
0.9681941077325286
0.23167910466691358
0.18580830674285473
0.7029772519080725
0.2886325276393678
0.08339550653054673
0.9982780904062744
0.8823459653191377
0.1528357806816651
0.5238912380573093
0.8817084631745561
0.4728658549111392
0.9970021327109573
0.620326440993257
0.09449228376263785
0.9687271552676765
0.9548321137321976
0.9525723261442699
0.960660582918042
0.1734562125583016
0.7665524444340133
0.9738511012647217
0.9485914452271179
0.9471146757880459
0.9982955427238137
0.7832246861240901
0.7786255797445758
0.14900647936492498
0.4952549239207028
0.4533574200679062
0.7963283350753118
0.9931079578671335
0.951933469107682
0.8993479321151042
0.1669557891443989
0.9127889861136339
0.8155566668887306
0.9986208731484069
0.9551703246531069
0.9983374904433292
0.41907317009896966
0.655381626734987
0.22797488513613212
0.7746797469309282
0.13663383074990593
0.8225684950994605
0.7399760440449084
0.9823516419805917
0.8788073930202799
0.946565533282073
0.5022602131970375
0.26188793930279436
0.2670334331214275
0.14435455008838807
0.9247253063337745
0.06357887196891203
0.07432337387324026
0.4130545052441497
0.9220958195952668
0.3973004444614342
0.9094767176353873
0.665430576620706
0.713584231420141
0.9987609370363538
0.24610246850627368
0.26709626512361917
0.6306152114517682
0.14342767841639173
0.23383315972779103
0.991735965644062
0.8760041133808847
0.9529887600130408
0.1741831642474929
0.6131428679540679
0.9970176499859835
0.047477161499235976
0.37225676457984047
0.27407311754840774
0.11750387559746875
0.16681124358069616
0.06168639393683694
0.2296403696577143
0.5240881079280479
0.7049804266181033
0.8666305505331705
0.6496820377699901
0.9799532373951065
0.8587096211512959
0.8664828903922485
0.6288642131611195
0.6327073407650677
0.04625525044145382
0.9697814297661878
0.3162131447692405
0.18141141721900877
0.5917688830331529
0.03180406044269044
0.8479808706281031
0.046269339463554
0.9396842508690496
0.6384182738037799
0.9984844199169891
0.9208140882725664
0.9972587193771907
0.9988121848781613
0.6647018598191524
0.6673364981947856
0.06240871295327253
0.06640141907144864
0.1714235607974293
0.45151527013160575
0.46928185056510835
0.5366880564731994
0.43807414791069627
0.9968523080390925
0.18786608536218397
0.2655337009299646
0.151151916263511
0.04956989912742125
0.9972280506525979
0.055255690847833744
0.9876916204109123
0.27970602304565856
0.7633430670269411
0.9861986095849307
0.6945452456153728
0.8439089380597551
0.537849709558899
0.972393889617767
0.8255953644122968
0.481367168241473
0.9016103861288501
0.6169905153007883
0.6564522405753221
0.2151263887342282
0.6940094483585734
0.5537793943431147
0.3136008795172147
0.41054404525164256
0.13556233933746545
0.992445216228489
0.7856884344385796
0.9681903368056959
0.9623987338414979
0.9972614153498826
0.5156304755554798
0.7215265552861461
0.6960630672445008
0.8109917034214315
0.5016466175121832
0.533502663666659
0.6308610385862934
0.04456258283864633
0.2178610503282276
0.5260575067591609
0.9532220530855773
0.9430508338642916
0.9878602391078116
0.9892719878623786
0.16092232099655948
0.4403861232966707
0.9773300625810138
0.9730085520172179
0.9744557463709417
0.05294764564581946
0.052634879955536944
0.43769811930075037
0.10965382233971162
0.9425428963241279
0.9870967212486937
0.3672628388205639
0.3875836537092411
0.24436849268971342
0.036990726471884866
0.7574830854646868
0.998485090630431
0.04180641021902068
0.154061504005513
0.04164479133853675
0.3815785549398439
0.9864399607229283
0.4718365466868461
0.31934201143191776
0.31520518276644854
0.2967464022717428
0.3024965551817571
0.36596628744579324
0.14445990764253505
0.9645576425115531
0.05094584594815477
0.07625033695408691
0.04877845845442972
0.05356719258963544
0.40052540226110617
0.8281249580078099
0.03951488526428939
0.013995193269785164
0.8035267547875572
0.44295479370001056
0.8216475823519834
0.6721543634087813
0.9311679033076449
0.9484766926250303
0.18732410142959158
0.9705177207129232
0.9702712705508261
0.08309844254180804
0.05214032269896488
0.6480719163611084
0.19411008826074616
0.22478257542911068
0.7555092316855271
0.040873063738555586
0.9952183718975279
0.5048840291847612
0.07216832422059428
0.10935993473262627
0.031243390595257683
0.06340002988127938
0.09761444868484284
0.5920679423717364
0.5364888110657333
0.9988908784776973
0.9939950708373166
0.3518451613693354
0.4637062286782556
0.9453077100009541
0.6042957973558813
0.09817538508122171
0.21817878842259084
0.30432928452658614
0.1236259198766769
0.038570059002798154
0.039932836910497885
0.03884338738963397
0.666354512745328
0.10535691705778658
0.36939218523878437
0.7885796160037336
0.9967483231654127
0.6358979115228589
0.16613786443336648
0.9378013384825733
0.300848040265924
0.9730900039553377
0.5405698247696727
0.20620057686203613
0.10696036895118975
0.20797027298004078
0.30727277353608634
0.16030998640661198
0.5116480570977506
0.4723887713606121
0.7616002599167085
0.05461530604575511
0.6435295944783924
0.9985129236562821
0.8901020887783664
0.9746026419781281
0.9521148367302213
0.602074925262703
0.42594613405051496
0.8280153965112352
0.26734145134861065
0.4046441627026956
0.9788065364609574
0.911979621565765
0.4047785243131866
0.9566642663301367
0.08417370489649367
0.04055789606826297
0.8372058188026755
0.9976489973073986
0.605626681421839
0.5319845220778517
0.46462038841921005
0.25273151797563337
0.5981859107781213
0.17850724178031507
0.24643569883702665
0.8646566096043591
0.365844529968168
0.4411430854525767
0.47240285096553025
0.9336262869898672
0.9813084306052924
0.10088983406553433
0.1376294025005858
0.9019701495393575
0.07451847233995643
0.9228305161049525
0.10076193176942051
0.05843249716011203
0.6780749858628898
0.9970493562231759
0.5795388858002305
0.8237303036450938
0.2830049069242153
0.3812715914582849
0.8803240492105329
0.03577968755490827
0.9921795653057078
0.2692933774856171
0.35007949783738285
0.28557063606952365
0.9884362724602055
0.0903368531055819
0.062215797989402584
0.7345314107484038
0.9311187164217822
0.351947097722263
0.2547857733444462
0.9966426061832423
0.9256953106873509
0.6791472763012157
0.10965124491827531
0.9102809264408016
0.40102805162530625
0.9615561887654777
0.9973554193128111
0.07464038176832014
0.3368648700622975
0.2517745604998227
0.047356188262638
0.08465997871328608
0.3741325191059711
0.5451005381813366
0.26386531076426084
0.4708348313404122
0.4497372242535083
0.5339682523326447
0.3764903355698666
0.028003265870087453
0.9984619499799384
0.8864177431626484
0.983742003163629
0.1632350424913021
0.2312135012417191
0.9878459003430067
0.3008461229756284
0.9799492707848675
0.9950192061028612
0.9645343233498732
0.9545565617572879
0.06887708371496612
0.09275965460692964
0.9257010276122946
0.9512007727093121
0.9154494375454488
0.21132692089609173
0.7622554130779491
0.7097685253964592
0.995948094751005
0.9600777919917298
0.24577535331508302
0.4354786513791939
0.08807582974077073
0.050099849790344445
0.06529623763285358
0.5016293409156258
0.9734177783987548
0.11484589698885969
0.9947542012872316
0.8809301730506524
0.2827639373529173
0.7824985123802489
0.9645377640096554
0.0463003343509231
0.04204735430193227
0.227633925011833
0.9972176022106337
0.9974652145421505
0.9762474737669817
0.1853176272612537
0.9300604363913251
0.6255836728983405
0.3928532942043084
0.05811378212522493
0.9918516721806406
0.8413512837063482
0.13080470345968268
0.9914488824758709
0.7430519740699884
0.7815555185157512
0.9841929201007955
0.7092686367475006
0.5681852348359572
0.3802661084917633
0.9971693989364128
0.9742184783462138
0.5883232441105681
0.9326103780857484
0.18374406368572724
0.977590732041659
0.9849661622768615
0.866832134535508
0.6164256472182135
0.15021002731974906
0.9035624024824528
0.9872033300332018
0.059254961925911134
0.2028350836411938
0.9251745936367594
0.35497232086423636
0.9985182887036899
0.5828952629706123
0.03884338738963397
0.4967266534948024
0.08362825340590194
0.055681371756060354
0.5610199326688693
0.04927531466218425
0.8076518319532526
0.9740437062667341
0.9980762937418145
0.9941646837922271
0.020304383253002302
0.023046384220621424
0.3486443170618631
0.3733105291384431
0.5759336150709067
0.20473256181447969
0.8644245542285681
0.42168717138416545
0.439936820234486
0.1820671513145062
0.08543412083787566
0.2900415580392865
0.3167976866028368
0.728863138629844
0.8222869111915733
0.8373358249506315
0.6037873944709657
0.028263232875852137
0.5061657477012614
0.314039870398277
0.12404256295005275
0.44137026210260805
0.8362068202536574
0.4495092107032406
0.5627553991537306
0.650550726279129
0.5917501852829622
0.5178412412391439
0.05859872733876967
0.9262945281501976
0.8776594685377819
0.746057635375378
0.8377734885121361
0.9791767937845653
0.9754852286150083
0.6924821161705995
0.7483373221566104
0.6311802048097864
0.08306632005320114
0.154061504005513
0.044455247821049516
0.9669865694829202
0.2809080447065402
0.05264884559271925
0.03349784228649195
0.3464679618011711
0.6690165033322438
0.10861950938068728
0.3258997130498899
0.3421530395798405
0.14236684333999483
0.9969110337472078
0.03523921496633979
0.1155055988953581
0.082085884003282
0.4020351875763085
0.25408452622818195
0.2763392966398277
0.11511445617391208
0.38953542604083846
0.9713783070573111
0.989117522042876
0.3911214310743259
0.9438652403911036
0.6554111120870806
0.5175942323612319
0.6786258739420702
0.21706272365873186
0.40667525776953006
0.3580251143116861
0.7895756114149096
0.6859267355770641
0.484914475660956
0.044726379453864915
0.1103030280570554
0.11226498707556123
0.9021784616856177
0.06017047581566343
0.11169214365839483
0.19324319615290794
0.494997768895047
0.1904824262741606
0.9936083242689224
0.9991756431085567
0.7524541928847593
0.13998375233922794
0.12358550470366714
0.817707314632449
0.37737155259514277
0.9964962854852635
0.09134031152039458
0.07665293294896637
0.8633190264044334
0.7694202703729464
0.6283711697723771
0.975456615016628
0.7753945235284229
0.23265211976606445
0.3207361750970928
0.3956556565989728
0.7397156333726316
0.1377283848362822
0.7079592700975056
0.2550276134875329
0.9301704246294018
0.764036299692269
0.8653608896455668
0.21166561023246708
0.47456511306445065
0.9546097114376343
0.6221262803788201
0.9893085032857891
0.2321743716656186
0.4153526766926645
0.6420845286955567
0.8015628230271945
0.6033298741792479
0.9598409771836828
0.9737440375199451
0.284190587041417
0.701225214018391
0.3126843307576499
0.9868033183981695
0.1668467904780865
0.2473255400279597
0.12281210750145063
0.975318638990541
0.0838823149559021
0.9815239325096246
0.9541143040976363
0.14813713296923162
0.990149692050414
0.0352907057359969
0.9798479214029403
0.11653480706194419
0.9869321621704823
0.9957291621842592
0.724155053129862
0.09802077920135786
0.06375491913940194
0.32247841602936583
0.997052054441768
0.1842220682274717
0.19963919322147922
0.5531283377226095
0.22704004562288477
0.9670528520133678
0.07038563370992552
0.9993942670631465
0.22797919991587703
0.04572530496140356
0.7523796754929061
0.27079205243309423
0.2277979539598561
0.09194593072373979
0.05131530912033935
0.204419312098478
0.12459517251244284
0.18375792377729885
0.885487676979549
0.06026445062570907
0.6845477229854252
0.46119006066650053
0.12275394121913821
0.04119660779584533
0.13648511314446532
0.3058275614998806
0.48165208618753624
0.20072724626935487
0.06281917390846116
0.7614417444942945
0.016317539698397034
0.8037821339356083
0.9836712762200331
0.9978471031468917
0.9902196949202772
0.03814847733545399
0.061043416198046485
0.2857534885302275
0.044390274198056086
0.08016394373662988
0.20608004361372867
0.9992645865895043
0.8231272962906473
0.8668289273068955
0.2817991040538477
0.5717408201355506
0.18902892002202434
0.10503007555157111
0.08644723301757706
0.11041117007085051
0.29847165594636377
0.8535664171720341
0.9330997200268484
0.8938757202776858
0.9893769990890485
0.9132873976479865
0.6160601267687638
0.7899260386961906
0.5163908626645578
0.5151328126231084
0.9904950146635535
0.726973073926111
0.9984133141169901
0.23741412311727403
0.9845063220144668
0.2941618138378775
0.995573489225786
0.9943979290539174
0.998775006114945
0.9955456682506532
0.6383598737639773
0.11414459460957682
0.9723898068524606
0.5732949553884192
0.4202138840338506
0.08450504859866001
0.10245409061687677
0.9112539975853564
0.4034702972034107
0.9015564320315723
0.20687871556849058
0.2755721751225652
0.42426850258175564
0.023555200333873386
0.037698141901772314
0.8494772833130514
0.6640072809392545
0.24175007465616224
0.25686624212267584
0.23778172711850715
0.1823843572670895
0.8459885992732625
0.11220335846787254
0.14098428977838984
0.9267295378752151
0.797769904477981
0.9639116011673861
0.7223337453236336
0.679179617388259
0.34639344136217864
0.9104237088279223
0.24994583098600942
0.4658980761567809
0.15358308469500964
0.10344557906732509
0.9214882407843077
0.9469658704204165
0.9789394263609408
0.9277901714188057
0.5746213041917186
0.05654865008429757
0.654127070414974
0.49970391235805806
0.20394019461634036
0.7635615147066767
0.05830225673753412
0.04098944259960666
0.03164309138074495
0.9984451800581803
0.8748749749949991
0.9983985537827103
0.5561371847970128
0.18737694158827387
0.325081226051239
0.6584673333849473
0.8760918392812578
0.5504502132055787
0.9751049265251875
0.06314957612912496
0.9594871181366575
0.8914244400699131
0.9123785974182267
0.8839248749778212
0.8173614107136031
0.9903471755040467
0.6197503377224538
0.5370183005042172
0.5010695215655772
0.8636015738557344
0.5870603587000713
0.9916756809512578
0.5741015081034636
0.15374017903460607
0.2552900174259398
0.9886424069533724
0.8782893673389707
0.9897073982221406
0.6077514980852348
0.3455428719199084
0.4844925238339604
0.1373917861976872
0.12478936357085361
0.6468246519897756
0.12657989093213107
0.454410922084096
0.8193234983141913
0.14844408883506693
0.3266638298005485
0.5459775232304472
0.7669660703028408
0.9244780975547994
0.9956565945926317
0.8969553481617993
0.876958427343384
0.9896393383276093
0.5459799503146359
0.5198038823607828
0.9868405387763816
0.08995256600432039
0.9867365891114247
0.300439518960253
0.2525489582952168
0.9576720246260287
0.7239599770292153
0.07884564368817978
0.16569647975149931
0.7365689576723292
0.1225288166971547
0.6747204778258397
0.19024459245650738
0.5648600594250262
0.9883842766162964
0.07957504673198096
0.9975194208743833
0.9039094005871889
0.48255143541643497
0.9862584407738181
0.418543234478572
0.950348918506532
0.09565289033359799
0.5056386915265833
0.7849604297101802
0.8708317604127344
0.22828547447668945
0.9983609781024534
0.2392902708508782
0.15468921527125054
0.0992592883116592
0.10946822356784498
0.2791021354317583
0.18052757785327114
0.3288350187698708
0.9403995696299624
0.2952233013451734
0.0502455883973255
0.11133484049791978
0.9646466953711212
0.47768769313183335
0.27048374087698934
0.6944725782355082
0.776721523320909
0.5855933401934152
0.9987575871393226
0.22606921011195308
0.1552319545575982
0.9706668257018781
0.29181527338804
0.23143239887824793
0.17570249568279012
0.08905065684395089
0.9957542507916659
0.4372570746796539
0.32573794541716833
0.19883155073255787
0.05122575959233425
0.12923816712693806
0.05984699814508294
0.494973527602717
0.10143250606512103
0.7485896026842384
0.20116375727348293
0.0461312552702742
0.4437095792865674
0.0634468082661186
0.20868880261017037
0.8042323084829852
0.8088602275785043
0.10961773756998257
0.13138686131386862
0.16095340117836102
0.18736545495913334
0.1333097047766737
0.3531180661429749
0.043994657431063004
0.9304837015825719
0.3072367332917722
0.3212532749513177
0.086905322656618
0.22886095772700005
0.10836391840188223
0.6973836848436076
0.03171495693030541
0.16586262654292988
0.9575731824181388
0.3682012851197141
0.5627776521205593
0.47227330404540635
0.03720758779680058
0.9781908110097564
0.6868843359230163
0.04866612741550334
0.4613741988732987
0.21416374353224363
0.07097128223888786
0.8904723514195085
0.9910830973089831
0.1239112844779028
0.9746026419781281
0.7396824914084122
0.2755721751225652
0.17002411689601363
0.9986208731484069
0.6686194871158191
0.3297231593105665
0.399754425187702
0.9876331726778681
0.01594469024797575
0.0733199415631848
0.9567461265998827
0.11176409614736774
0.934486804315092
0.6399625023651032
0.6778064753769483
0.11923715614402644
0.01815555810213267
0.5885005225930338
0.7385539428692101
0.19181863373538108
0.018170197043848334
0.6755451295603347
0.550176034041691
0.39820760413039935
0.10809790082604749
0.05055098388599213
0.9687113487506216
0.9814938232087513
0.7681141741888265
0.2986910537721902
0.1768963163029308
0.24358179701307517
0.9624719410353221
0.7456261403618178
0.05028201847134004
0.15618129726882288
0.6094751840417953
0.9566965411128593
0.18979384342861735
0.10038853214347698
0.24440212614573306
0.20187414756402355
0.010495051864562293
0.1822917581741835
0.990606443217221
0.06758424037082379
0.49101600652207256
0.8909069720036481
0.7983801937406159
0.12678860783829063
0.12767808621475193
0.0731408024656127
0.06275858368481872
0.06165881012745621
0.055636867850402505
0.3010857367567931
0.03167471308923894
0.48805909734871483
0.07336607616703411
0.14344730787596408
0.048997453974199245
0.016977639977537155
0.044633189349043534
0.028448042443482594
0.01771918486413414
0.12016182742088008
0.2556555455454957
0.5943396226415095
0.12637614216823778
0.8237150586113616
0.32120881107120686
0.9941500135230563
0.9978289471481705
0.9821210938983507
0.7605439044662162
0.6899519479495525
0.06936846201387141
0.0854367888283456
0.40298271685837656
0.23708245841212536
0.6351725330796507
0.29331787707609663
0.9786909721787799
0.3582824000426241
0.14439865524346604
0.025497104076312404
0.5887120585265567
0.11687158482542155
0.08579420854444283
0.7554005795961889
0.999008035911104
0.490169638036405
0.9712821619060913
0.8544599928732384
0.8709842586714014
0.04878969060196204
0.08819011620136549
0.20378787747857363
0.9980608417185058
0.1741316003938713
0.43120524421960166
0.1418948283355063
0.38365114544834805
0.11529855086377677
0.1406148046110346
0.8182190062360235
0.09550035767924224
0.08317874239166986
0.4169127681543472
0.21994647669534556
0.2544114594145734
0.9978185236668087
0.9979261000773864
0.997126918460806
0.9964895249680774
0.9926666657647407
0.27501621061881276
0.6454724853533984
0.36019796081816513
0.25247840955967477
0.47081505958294684
0.26229454089378834
0.15771812080536915
0.9986299227021039
0.9412358967940351
0.0657434516626858
0.7479717798903643
0.12760275138200403
0.13431262222902035
0.06739818498900717
0.07338235825602651
0.9984334404456586
0.9877542531764358
0.08323494687131051
0.9982717132950637
0.9937344576478498
0.9384441158302603
0.07309465329053887
0.8852076030965863
0.49365060622487483
0.11004032736330208
0.09308435303452947
0.9954913745842009
0.056329149254392134
0.997530193410678
0.07837692345602258
0.032898288772564024
0.8167152406210056
0.8181737602353482
0.12795424318870752
0.982986463206904
0.8821862041355631
0.6546314362135603
0.3074624231409532
0.944553065178365
0.9957393335422093
0.9983163496694909
0.5438612706446289
0.9837068198198756
0.5398832498031761
0.45227398454394585
0.13572366673821537
0.9973857356731479
0.3034174397919541
0.7793942299654782
0.9847910312422719
0.996505411895496
0.9930257238747706
0.901628527798743
0.7717322382775594
0.8884814363348024
0.1284008800179954
0.8849091141707099
0.9479509780468506
0.14898701046044327
0.06887708371496612
0.5607000665024352
0.3756583020641414
0.7616169800528289
0.06812571474391406
0.16672355312839984
0.3588851764619963
0.9042034637227433
0.6664786612980483
0.8618384498290153
0.9029594107925834
0.8494772833130514
0.6062767968007093
0.617524550467006
0.8673341993825182
0.18658619234332285
0.2674589440574266
0.4621029178746636
0.9171891889371628
0.19092127724192826
0.6059380021648221
0.19886992515899812
0.3959580287404206
0.11476402966990751
0.04815199106435945
0.5535489390914574
0.16000839728071037
0.0827316241706618
0.8367568471012294
0.7893359650012177
0.9177859408501567
0.32804625935805065
0.6284400471339623
0.5167390346737147
0.7507073322783293
0.9471839550671118
0.9951490555585099
0.9693139644723389
0.9077172078683584
0.0591276382372944
0.9966236872784724
0.15594529159714918
0.8036192301371313
0.10152638733243956
0.49785541057863825
0.8855284578157093
0.25622921866319515
0.7904835874663453
0.5603011045847283
0.43086853389289304
0.9694817614903177
0.9822469378358061
0.929036030110356
0.8906545913364082
0.9878931103187489
0.3160393516947213
0.37356266596176724
0.5207880175788135
0.914032286039749
0.6567396180592644
0.257694015066687
0.6203130278121833
0.09947639090668031
0.8516283637520489
0.46689945865531635
0.7930963792396545
0.8263089816486567
0.7723568362075239
0.41821254094565535
0.4600579039759066
0.16220019906461036
0.7837380849830436
0.040776540356284
0.07714438569631708
0.35325309162966495
0.6238798804271262
0.15495219700108143
0.49554423422301336
0.660022444200291
0.09257479995796492
0.6255836728983405
0.03522205057194697
0.06496133049131898
0.16776797847113054
0.6747204778258397
0.4981244890434895
0.813250331242257
0.3045789408250637
0.08410153691058508
0.03229250040606575
0.663333946888439
0.1882722796953294
0.11545959357277882
0.09117096234293903
0.1876571530559216
0.03994420640127395
0.2731727225587364
0.7957713416494914
0.29396403118326603
0.03621406405527256
0.29207796411988385
0.18074110687580147
0.0854207807345627
0.05438964403290595
0.4955200192860157
0.0918507587108112
0.1760274468336755
0.06338627095301123
0.02829788820558305
0.841169029673747
0.5131890571876677
0.7864407569817015
0.09258800547201783
0.2861583205610215
0.28514179824930835
0.07135237688867216
0.8098644297685839
0.20342934294985388
0.21983723157120352
0.33675482514098537
0.8026531722307196
0.10581060959536906
0.040052207733051466
0.03682803827657852
0.9271126938077757
0.027977264118170062
0.09939531226948382
0.04248368553405341
0.06545814485047292
0.42312861290350373
0.5940322089669069
0.6401409710216044
0.14469016713680857
0.12411324098381406
0.05236389325324368
0.16238630283574104
0.19987588148415233
0.8802912796241426
0.9277491313231814
0.6995936069940578
0.17824407368701173
0.07446970272941535
0.23119203662287302
0.03389631714754867
0.09354078919239238
0.7385539428692101
0.167100303367971
0.3006486092321273
0.09681158173011262
0.5306595909124983
0.10250096427433467
0.9906133626377805
0.09423147571956607
0.04273573192555129
0.3126899696048632
0.8750765531222425
0.11736115079796695
0.7038030612179903
0.6402957153484726
0.1743331453832326
0.03067077817634694
0.10989090423816461
0.8138459483518122
0.4544633957634857
0.8142499769130827
0.23396353814989873
0.41923049211038266
0.32217699381878484
0.6527070445066044
0.6222660048942447
0.7804561332480116
0.16425401258094624
0.2808862469339289
0.3799065692732983
0.4850779392481187
0.056843065342297584
0.8840872789386592
0.9941728714794432
0.4385655916930728
0.9653447136493217
0.1594455466781061
0.09346429743541657
0.08530604545883241
0.14224395436491416
0.15388032457637615
0.3447497728007886
0.13492907091452472
0.33135702821883234
0.04633978047792472
0.14811763900054437
0.20835299507107502
0.49414458031688474
0.042899939967477534
0.08734981174081824
0.4944493604697932
0.17489059013305863
0.18114476634281446
0.02629965633307986
0.0726275642745808
0.020351091093105428
0.49170102725499343
0.7460826454256316
0.03780932643699225
0.06234808811464413
0.8581333490804618
0.43144127201230986
0.4061793574168332
0.11076380206162653
0.536205270286594
0.09952084939994137
0.07203511651241472
0.22889327279475696
0.1566458416919814
0.07951586112589468
0.07385708907118164
0.2598406643285529
0.07018395060080872
0.18037202951743844
0.5168898326746495
0.1304671750372513
0.3308141275067345
0.40375558719235727
0.16764491138062187
0.6211778560254976
0.7539006076233452
0.11500192976397786
0.1402968866424579
0.3404201698861757
0.03862985832503601
0.016352759880596073
0.40396064780309876
0.055970580307289464
0.5033898034817574
0.043282005065494046
0.11818905384640896
0.05301744096311159
0.3449276924735489
0.13902372635303728
0.12742693793590634
0.05585657922859635
0.7207241654475329
0.5447332322024249
0.061170401548564325
0.8310285035375213
0.2132393940901659
0.5647177879453347
0.1650813766392801
0.1639184954653394
0.04166747685140175
0.07210580124855068
0.3812782663691364
0.45240423228690163
0.18958552463753936
0.06498604209756947
0.15606812121907165
0.19547521228966713
0.018217039713759046
0.053137473160700124
0.07085419092244692
0.101536817806352
0.2619839949290864
0.5526092404705122
0.07041288382031424
0.3429282862379433
0.11351178977141431
0.36949955006082097
0.07537681283300568
0.0577755129511759
0.12074545949405267
0.1975299958841948
0.16562288723623814
0.0815066290923534
0.1482565212611226
0.3847318300509752
0.5519194207354072
0.3470779575140542
0.23688677958337478
0.08185262990702626
0.6179448821397953
0.1619257208206142
0.7116358346201188
0.7581382236861628
0.1390187869846645
0.17250528342897198
0.0716108610901085
0.09552665877664754
0.12053236415002722
0.038419115139444564
0.12008566508191174
0.08329382297217401
0.16572496499751826
0.6836681382409028
0.5985251872062695
0.3155681719479166
0.1662066561623031
0.1742886232752495
0.4724479031086876
0.05374570221431175
0.06904637434510022
0.3011968850299861
0.057459281883996655
0.25154600220060824
0.06539503282376166
0.11822469508824938
0.07073708041604891
0.07237488293474041
0.12703244963039714
0.42778105003116584
0.09869921919520494
0.12141729330909479
0.15549472416129764
0.036396882330212287
0.273082409600712
0.805946282093044
0.2648607833417598
0.2411608511095408
0.3790527846570724
0.10027359985368194
0.380929395597427
0.5429632919000241
0.03354372092750428
0.03417139640696093
0.015950563345166157
0.048711061917791246
0.06084461151439442
0.24924954972983787
0.029054122963230282
0.05023998360804676
0.20325448544273486
0.7721774800067154
0.5495103711091707
0.06316884490269778
0.2157116413033986
0.04468119786320391
0.05128172934465781
0.06089707919671194
0.2842970075876076
0.6500067999456004
0.16511701584239127
0.10604123144176227
0.11906682059468507
0.1995738069890105
0.10171671899353434
0.03862985832503601
0.22494734032515545
0.13138686131386862
0.2281496103050406
0.3876562472191406
0.2994102703247836
0.8736496931301064
0.7931909788551014
0.21428718367179012
0.6361984670402129
0.4060229997724529
0.5284432941213048
0.9439097739901031
0.7412193907902245
0.05997695963135411
0.06972859169756053
0.6865148016343461
0.8841580825146057
0.20921995580369132
0.1035157886504935
0.9512521693830904
0.09445804176146266
0.7750267998426326
0.9669176181594868
0.4264519379689616
0.08904800246822538
0.014910300582155164
0.5275955419793488
0.759256332864525
0.8229177010979567
0.49211023895050454
0.07520901683722998
0.21801884341369362
0.32317497975860965
0.12185553370941367
0.10518054543019952
0.7942697526838922
0.5039470259186265
0.18948706523733388
0.0722145333330795
0.11726173576056136
0.4959234492037673
0.4828453477380516
0.019328683367322963
0.20687871556849058
0.06197871728501582
0.7677054183940683
0.09848711355618012
0.1127501211531561
0.1187972486441193
0.16880368049158417
0.44836028335380523
0.052735426528166665
0.3230106133056297
0.14712026018583158
0.03685943706154555
0.05173492500883443
0.0412561923674634
0.05149157740635876
0.027884806004659732
0.012064183599376258
0.09145142479383545
0.7376902217000119
0.6102274021487415
0.10624846687331359
0.9972695030944738
0.9936038793994006
0.991016785587767
0.2249495080005168
0.8746513681377368
0.9875631578407961
0.06072309271821837
0.2098305749511026
0.21564126319250485
0.3539172344870057
0.043638418430158726
0.32868320565980275
0.05081984951713318
0.24568935240777476
0.1317439062434438
0.07946205174925043
0.20552172652334205
0.15416294318414284
0.22179861681567656
0.05211796184541253
0.08313591693776
0.998022543472921
0.9984361238341148
0.2846181270155083
0.6815300804064849
0.34627986789135345
0.1768869796858048
0.12839837163454682
0.5200049653081757
0.056809741341820576
0.13822802599350345
0.38776347029661123
0.3789606320868372
0.06976404920774462
0.36425586043976016
0.7707819842313897
0.6462516463114087
0.2564931781215752
0.9259463083755199
0.793684218456879
0.08383953202505283
0.0666918291878876
0.2599472894927854
0.05081984951713318
0.026829383271853014
0.7928831041488905
0.02544202332947327
0.17351017506128383
0.8411742383315369
0.08682544467892674
0.15865915992717414
0.2655154137745437
0.3443759630200308
0.1050248863560274
0.07034748181005447
0.06583670043005778
0.4597362445923623
0.40515264361842673
0.46396533289865916
0.286392056855105
0.45297752252145357
0.25275640833757396
0.0456237819599174
0.08484424795793025
0.06414262084175704
0.036668169020679806
0.18254637436762225
0.1656086425859437
0.05724005794123928
0.039941364045180054
0.3628937988292355
0.8956408785286515
0.10029711026672737
0.0799972735947653
0.9727165992329785
0.13140184596519017
0.45411493021854815
0.12470110170610414
0.16043919733516704
0.07329551615314817
0.026380732133348794
0.11432894722256094
0.9056995787598614
0.053475131344458075
0.8709130316623666
0.7935817664976914
0.9749535333877049
0.06776751238403692
0.13145428966091088
0.023953286073597653
0.06039710006391837
0.01621186911801655
0.03981628942009292
0.010033434849721972
0.18672878147692232
0.04079357482226866
0.3303856452450499
0.8586492983195757
0.4548247380442402
0.0764800337089528
0.060167711664945264
0.4818663611360743
0.22960809256583598
0.21032974289133757
0.01485148514851485
0.15615240306827283
0.12204290407213882
0.04514417621213738
0.07076976434851875
0.13163656267104545
0.12050191658267057
0.9565244958902382
0.6424974818009384
0.04673975596853983
0.30044143755098124
0.22183782678346226
0.023122001937663932
0.035959756461785626
0.7602171410647547
0.04538683982381725
0.14744963102425934
0.5499221569553934
0.1779132182236442
0.3446928269288238
0.02572318192182794
0.07233955476029581
0.032820798732357166
0.10194348496343617
0.073919458773913
0.05262091404884036
0.06033354192500682
0.028248792673426254
0.2736381251379657
0.20284854459606705
0.906669509378973
0.11114711840804128
0.061015807721013574
0.04544044063457584
0.24463120612486067
0.05337747782327674
0.01422775501794813
0.6340511856571166
0.7513759709653658
0.11411642530734277
0.0813000209967597
0.08284945515285386
0.8746550180182735
0.09809415573491644
0.32782646205205385
0.047153583300402147
0.1875193590894534
0.24664099787430316
0.793469301241139
0.993274057658656
0.6700785658957619
0.48871132157901265
0.07224171376682613
0.8526312518557904
0.029276227417036473
0.23013077959811182
0.056470859958426364
0.040015261707130954
0.994611888884696
0.11288353770182544
0.253699435508931
0.047381509909763336
0.13406638437371945
0.08850098804930838
0.05274380477864698
0.3443118570521632
0.40745566819282975
0.34949738375705064
0.15949346726483046
0.7131329165385822
0.0931846360756229
0.09909445465548931
0.6291838362586951
0.5222458621444885
0.06527153670896245
0.03346056377686701
0.9827539833115745
0.13390217646705246
0.9062759012138095
0.8071030254653496
0.3121690901056853
0.9976335189633299
0.43956960665101946
0.550253012597444
0.06242800160241359
0.28031129708201674
0.3724534360853989
0.2815675539562502
0.9076049309385829
0.49276536939322846
0.5615568646489723
0.0588424622656918
0.23089575070054555
0.43322864750460843
0.0803601342411457
0.24543967321212612
0.15355407865398493
0.12486248624862488
0.12732394056861734
0.061824297115594805
0.02555797800918872
0.10532579589407916
0.8972640610258084
0.2149898998206126
0.06810111115353776
0.064398224447724
0.1289249308978165
0.03459527475361663
0.24845016411990187
0.11616467271371954
0.9412059223231528
0.08361220435265414
0.09845306593063652
0.8914777678430889
0.11381673548296475
0.7544990979439086
0.8553256121398204
0.46443882940165276
0.220014199309149
0.09349595020600597
0.03780932643699225
0.44088290825080456
0.64983625846338
0.05284433621864014
0.1067300511608725
0.07650705198406449
0.9826501556188332
0.7993829899531522
0.9424057145236212
0.5824150346908289
0.9492203162797256
0.444282020278231
0.026311239136457682
0.069791323019304
0.09461080088445828
0.012831291615937691
0.08712893296209362
0.1043032123357265
0.14387656022001746
0.8291004041499166
0.631769592487376
0.2592313189867387
0.0896847663389721
0.09840853961644981
0.5050662028948595
0.02985569063459269
0.10681545877566943
0.04509055356394618
0.029362743463997823
0.15925622686099708
0.05435899313995153
0.11847158748666826
0.20046384777060244
0.3112013365267108
0.1260062214438293
0.08244767814380029
0.054339487349506735
0.08514858769532024
0.15479779817303604
0.9840030629578183
0.9735271923205167
0.10374717026093172
0.5604023482424513
0.38076072455073734
0.0820671192708422
0.16340180280364838
0.26648185823751636
0.04804237393135919
0.0684208918928721
0.9425619555223901
0.1646820875113947
0.013903914971526397
0.04448067070330695
0.10558509649351135
0.01216749423216932
0.09501360963483468
0.1601352727428639
0.0724183613646919
0.48652209516962924
0.9866269749460274
0.5394221163451933
0.0951688794317739
0.10734837273299529
0.01574497728100312
0.018907625255982132
0.31586924670337996
0.2936323087786573
0.1516756974432176
0.3140229921409257
0.08865238884696663
0.06583670043005778
0.09878823206308818
0.13324494984008967
0.13791146424517595
0.05109421364985164
0.5499402095705223
0.3833935308287602
0.23676338567624428
0.050242786008103175
0.8545249949437792
0.242425207835194
0.841101309627037
0.6740397386000965
0.665041280359099
0.030984475443936493
0.08779402128476851
0.03682803827657852
0.048270021775949676
0.5394971575519216
0.4394451459818405
0.7351871038269198
0.33954640189757374
0.2211033297353707
0.2808149033186218
0.03789769182782283
0.1817428414242099
0.055019093014384304
0.1946623874798978
0.24523398040222782
0.34236571056364445
0.054381284827364214
0.3064926798217696
0.07314351703000775
0.27549620975260125
0.2508847899404589
0.07027389739522968
0.3541116003630175
0.18252091717623833
0.8362972821816175
0.11799044754997345
0.717602483642676
0.07356143670892094
0.13460351616902516
0.07833650206330763
0.7641265623819538
0.08292710577032084
0.35969540183573834
0.05761464078835015
0.20341813554985444
0.1406320517212317
0.4112351819108258
0.055711966600357814
0.9959775649533712
0.7470703507347088
0.7868186979021059
0.07684739439733283
0.05469329628209304
0.0534193309467967
0.18504333220539274
0.02094927447631744
0.036139781084583794
0.3755959341548979
0.07140136002590526
0.8421300775497065
0.48044216184325184
0.1705498428589914
0.03637974505686653
0.19139636731631565
0.12104469653790288
0.7511636916232176
0.1589133979915887
0.28325959886502455
0.7166103670650464
0.5076267194521041
0.2938495978694559
0.2865530664612975
0.1625174987293916
0.05538369972012967
0.14508436608013875
0.04818852643071182
0.48816967989735993
0.032665794091925555
0.41546090019637394
0.07504388864822964
0.10694743176828521
0.2934809361944458
0.1683333214962962
0.43762438647808316
0.057750552381538436
0.018512665729049797
0.23783907953128397
0.574552793061367
0.18121433783771904
0.09854211007237129
0.2691459349813649
0.20801033591731266
0.05936842711844873
0.16571547005064946
0.10860660299650482
0.6841529876317592
0.04744621677525313
0.38151350609724277
0.44377800748650154
0.08742164898746384
0.043621450320014916
0.12712543863342235
0.20192357618323994
0.09174235269155591
0.07212483055881322
0.13354625719210153
0.0662726146599581
0.026120099594977804
0.1987299604413908
0.01365652385878548
0.3916900396922741
0.39613027428954944
0.16682546256712535
0.05464316066779341
0.5626698910822414
0.5205041138827218
0.04159941819539457
0.12030905077262695
0.1268766019772977
0.1062096149235924
0.21384180597188973
0.592265741019785
0.8964681315055706
0.11380648738563903
0.09215737803390088
0.09042693149099001
0.27816333512536046
0.07315437518430089
0.11487659473874726
0.7087547593401226
0.13508806411810312
0.4307557418416663
0.023078377276674677
0.053558823869750874
0.040006735435593854
0.04647500809128913
0.09637040100761893
0.9834949076041257
0.9211310327794201
0.952649432178521
0.13092967176995238
0.9153222977365957
0.7761449215775409
0.1005713400742257
0.45978962785433725
0.0643185298621746
0.03649969754327083
0.037079190829242034
0.09861805054691268
0.4703403093921439
0.4449250896813674
0.03569964271071283
0.04113701835638661
0.047499665924923155
0.6997089074532711
0.40664497450296083
0.05560070640754785
0.9993438066158712
0.9945352521224465
0.6706402215164677
0.13198349624889874
0.09006654885889386
0.20267577445931853
0.9678310995248087
0.034801397213387625
0.5842390209416221
0.05859872733876967
0.12866420923292962
0.026374941300601827
0.04176388240783948
0.020718812314720034
0.25467412312453924
0.9970176499859835
0.8478663491210542
0.7387347975339068
0.9535706245396333
0.8846042759335963
0.11678485471630257
0.03315366095509299
0.16907534453202916
0.11670831911616884
0.28044814465511075
0.1510403177069844
0.19613063727918972
0.0929761368752814
0.8623826146393551
0.6834103831002968
0.04972696192936591
0.12745959241040059
0.3097146330508918
0.1235577178954014
0.02899065222593135
0.03130954315893777
0.16492691809949678
0.21063570817044364
0.10940376795955035
0.020771328998207175
0.08359080504921551
0.9903194677576095
0.08667631495635657
0.23698249962951487
0.28509653622923126
0.5057744619251388
0.45929887271253894
0.11250117937399755
0.9878966070077594
0.7430046055599797
0.11418556609595748
0.16790048683796877
0.0656639063665398
0.027431015051618456
0.026285177572811343
0.12225300211070841
0.2115815079306453
0.2318785443994684
0.4715305955934886
0.8914545615348977
0.03114271221560475
0.10442008072034253
0.6832369734464895
0.9034072604540946
0.04585782755037149
0.54524762457609
0.023630765960043546
0.7064340213374021
0.15691527463396462
0.04128456426224981
0.5455550224803607
0.47788135246739444
0.03241025199494366
0.3446714707794309
0.5153939868141563
0.7392058526372167
0.87970545106579
0.20064170974761264
0.23296042950952056
0.03681091109858188
0.18958552463753936
0.05902244082385492
0.09380712658548247
0.17317929239767116
0.12900513300478206
0.35399428830753293
0.652681199125567
0.6585438095750983
0.02625042738737606
0.2980769230769231
0.14764473807583287
0.3598080828965131
0.06638223690246813
0.11286044821253198
0.06373841655032947
0.0831278868769305
0.19309518623393598
0.04182058560485282
0.08175877040376384
0.6533345073761498
0.33673678300332854
0.611354402528019
0.17121171318016246
0.19418966633934354
0.824642533292872
0.49273019808296414
0.20914886439522765
0.019039231638061087
0.32164404223227755
0.037201881743499324
0.3921386156164141
0.7405401683368033
0.08514858769532024
0.12710282084607077
0.10860918429249633
0.5890241991611735
0.8761510014024126
0.07839578598601521
0.04816604334595461
0.44532716654409027
0.0354966326185906
0.11205953709409683
0.1450035862238418
0.4553764683924776
0.3301648999557023
0.9957410287286421
0.26806023692665526
0.35518030910131654
0.10310483232601671
0.07029842637513463
0.5277531115141255
0.5046581996257515
0.7375600294403487
0.03854158141492559
0.974240593112692
0.6551075998634653
0.11948368689890018
0.04235904611975979
0.10927225998820665
0.30827533606635527
0.06914738354290555
0.14971914158144894
0.13451153746718275
0.08824858118982411
0.03461818011301025
0.13580803818282355
0.07943514553213411
0.5529788864799478
0.2853680577711342
0.3262029072606393
0.27761370637303323
0.7233090142755804
0.3742609523151949
0.9971977152664181
0.25573399251781376
0.3542253876155514
0.03403673508480109
0.6654955787955765
0.07564736827112079
0.6205739954903035
0.18247231435156558
0.22043784910720687
0.08973515226159473
0.19662007517895405
0.16251272842053452
0.8916776637826781
0.6486907999582291
0.8249604426819411
0.8709610457143575
0.6009339498129344
0.06828698401062903
0.09466873531428828
0.13549035018775654
0.15160782283205507
0.7006309686221011
0.0823940906625134
0.07570958148650342
0.2883331017703261
0.31531372861838725
0.14332461443285546
0.5262636177033064
0.8339023287662717
0.13430267494582734
0.08008061355663303
0.04814637007555446
0.15065686024043498
0.9893043303588148
0.9937347993873517
0.24951856464738928
0.07493558708853641
0.08874799367006433
0.6152572124232044
0.8425372277337083
0.028554864303329586
0.2866551479795381
0.46691226605728264
0.060452363449309696
0.06527428129806331
0.2562828444972149
0.9442056587274533
0.07413906516754817
0.03278922636910328
0.06188220856542956
0.03194200583699859
0.04468966962515087
0.029423298640794977
0.8640925982922071
0.1286441496130948
0.4169299730243359
0.18037435140399374
0.5363860622880049
0.29899692222944607
0.5410114643882804
0.4535939860953569
0.07799687159311752
0.28397769004402007
0.44231976071042267
0.9989176621502446
0.9985578523834548
0.9971946815264633
0.02225193043156155
0.8788948468975798
0.07482997721628191
0.09844520855135298
0.02821702323062251
0.27977352596641936
0.46105335337345976
0.03843050821694368
0.055277954889998863
0.7193111201324048
0.08472407780620911
0.07232324885928629
0.07467559616568731
0.015354206793343247
0.8974848608029358
0.47930159732495364
0.027092657655092237
0.44146588626827205
0.34616272182521673
0.01984006378502552
0.08788176616451743
0.15880068168690684
0.03074849548645938
0.29258162148238775
0.08754136149713083
0.96490375045394
0.23179062708726128
0.5630879123350098
0.07355601074968189
0.038980013246581215
0.5413363005040015
0.07327923208181387
0.8319741233496422
0.3217754743924682
0.14518226814552548
0.04089009595106729
0.14316507977284776
0.08084366006096695
0.8301932794272885
0.12836827031752363
0.18193976288975042
0.27523425686113767
0.1491281473062715
0.053394219363300584
0.21376460520290794
0.18735167073879347
0.08577554183653073
0.016525901457760547
0.13361596228051317
0.027271977520279468
0.20929326061778386
0.22433576163108132
0.10405902410697002
0.031093806308070765
0.6398549910200861
0.18311543283361953
0.13227039467205493
0.6912081086239862
0.04888515683649225
0.017106657597950048
0.08216629866005262
0.0874642157601326
0.5005823273639226
0.06700402576335696
0.9348456111240468
0.5003052401333459
0.689784806844698
0.026357568529285214
0.3338917696081099
0.9981968540288102
0.9963065840788555
0.9552846827505365
0.5545416039512597
0.026218571611039607
0.4655914334420152
0.16805662357681853
0.8475418421416634
0.14060494892299663
0.20126721686759508
0.048829001749144785
0.6349181632582442
0.507834141617786
0.03436331765427781
0.05304256562916603
0.9979859195090703
0.023026024281452163
0.034646810805319034
0.05283875150504771
0.9976627924188608
0.8737192558782712
0.06325141950759754
0.4510724235541582
0.9323127578246225
0.9073221788733273
0.883429038848081
0.15481709996502527
0.043595997413426485
0.27391078320944384
0.3027622668978134
0.733513644990092
0.6702291495180691
0.029809580936922955
0.18439055708166255
0.275873944395298
0.25295342197894655
0.15714372680215788
0.525298063852074
0.8282681768392242
0.9012353711821769
0.06890985276944565
0.6874815829158795
0.6658436323839522
0.5851728474422043
0.10894209118662802
0.17480864236795796
0.02996230823358311
0.19425104851640806
0.6702915706048685
0.14967051960678407
0.8494242404528007
0.12607921477679285
0.08787113100225374
0.036465427410636575
0.7619984295326581
0.2287963226620022
0.12377240498524686
0.11681546658502805
0.9926436714739242
0.2569156923648105
0.6661802718252314
0.6290210196260597
0.03352078196582517
0.23461289277615807
0.11488426896361949
0.9567819327119401
0.9090356091503351
0.03162296776618739
0.20560885570645282
0.5221808496075034
0.3067775037785379
0.684704623920549
0.7017174782361575
0.010589707181936431
0.3072253517094846
0.29420640292477296
0.4326851648930266
0.053212832037655054
0.05474342841836902
0.8564203930640997
0.025552180708324736
0.0137419420042289
0.01375372304692377
0.012211765826099376
0.0794378361997121
0.10017432495739863
0.02971447055018085
0.16610702445826162
0.14106554956215134
0.4164386371976503
0.21209701515604232
0.08863114157158745
0.705660779024361
0.10439930554909443
0.05072743820784888
0.08127855176914565
0.6551418629459864
0.5591316914554104
0.3507473207089204
0.5579605473877247
0.7139493594735348
0.7887752615173363
0.9898830199741405
0.8207598433219373
0.6158037697411545
0.8573204203295833
0.9189127625352139
0.928678945752685
0.521028311861221
0.7489868833055792
0.9094716030641337
0.9604382536328693
0.048595911684964035
0.04802831925566123
0.36095788885378954
0.3557881102654114
0.22148702991208946
0.4582798004897475
0.4785495403472932
0.1305171897482343
0.08038431835733431
0.10261292750728505
0.9725026163870227
0.9020893390137503
0.5666011213231863
0.8980409845802177
0.15861597785106704
0.1825602596937216
0.762568777751995
0.026476274303317986
0.2661693506596059
0.34755096897914534
0.9936931037625353
0.9520343771713138
0.19299725355156216
0.10884662255783023
0.24130873682779594
0.18150645798136877
0.07324937698556128
0.11969456601356748
0.5235303154778258
0.863242268487624
0.8308273561345733
0.11331440045261418
0.7471837142751032
0.2134733646102253
0.03911376797620509
0.7854359460018235
0.5934441507203493
0.5206754988679009
0.2000854477165701
0.10633911299988294
0.014542627675061152
0.10077759453146573
0.11194137580669342
0.04363276243737622
0.07271448770916868
0.11703481199971234
0.509852626464923
0.9701739736740044
0.8165496143972925
0.8100307726275409
0.065968325108365
0.048239110825490594
0.7940053523807552
0.9661610143794869
0.06421408907998669
0.07915256870270948
0.06975586686143415
0.02596367581420853
0.011786649734105882
0.02700587430057329
0.010373757155171387
0.055325263701295195
0.4052245603381835
0.41474528348300205
0.0998999395156774
0.5346521272405724
0.0298153448073078
0.046266521680981096
0.035748242409806966
0.29408232076445534
0.31226690738057344
0.57625229397347
0.4541295150228837
0.511352311853754
0.08597818258603852
0.12400469673063517
0.5940125098752637
0.020158402244623737
0.4509829289955312
0.02807259938453809
0.0840828254910401
0.36442610366426986
0.14877038104675258
0.07042923338791118
0.9924682285111048
0.6730105942856135
0.8254831564150599
0.08948318663958474
0.6512860844866413
0.1951688190581903
0.8631081680103669
0.8963277409135252
0.3308323538306609
0.8088506739627462
0.15530669764840035
0.9863967030777164
0.8767373446517831
0.2299630503916794
0.6070046554823961
0.9914323299858279
0.8917546257060716
0.13221302461469442
0.64218461559577
0.038222556590277436
0.11252941437641523
0.6606456984770755
0.17578900904877512
0.019387144726945377
0.16238630283574104
0.016863264680581788
0.27649899265083727
0.7418889700910036
0.21725581681728937
0.3666397682504999
0.5639333520546663
0.018202401697547332
0.3740412461210721
0.9563641635256596
0.9354518192000578
0.20171235485144132
0.7117700596637516
0.7647188579025076
0.10362238970478717
0.6312778208277879
0.0826887716824996
0.20466768681282624
0.9313322293596347
0.14715686486720492
0.055339177467914086
0.024130466866728987
0.039785017415497365
0.5644611233701353
0.06665895847706559
0.02965105678879712
0.48590406652469326
0.3553148494662715
0.061382913832591
0.15312367557161435
0.10332074459764465
0.2170122465457693
0.8147631090385488
0.15424021991509154
0.1348296813510454
0.12354256098165274
0.04256582258556597
0.02974905756914591
0.3878294434550245
0.361141227598648
0.2572287858953753
0.6487536050284827
0.7036111456212948
0.034864367510715026
0.9836243511739973
0.142973588647298
0.211464189012741
0.994703481897247
0.1137193724400018
0.9896442003507164
0.1799400164743486
0.989790365065198
0.8433132212062548
0.9838187501806634
0.885037217547594
0.023976525322658735
0.16642010256118467
0.3066806788873173
0.24960612592966785
0.5761316771043257
0.2842832133826104
0.13231528962091427
0.09272532812954433
0.08152540866252977
0.9262313266985275
0.7778344276548974
0.7569379701724995
0.030443335854439434
0.054712792526130795
0.9934424435796193
0.1474276779579404
0.056901378640216285
0.10446941927320766
0.08129197011255083
0.9874780640611418
0.9977357929546395
0.062466577347923345
0.9994731120292627
0.9945706782254983
0.9572481613376879
0.5395648076056222
0.6387289476645774
0.9885283733770153
0.08019351015918871
0.06540875330195085
0.06063194015299523
0.14348901859143517
0.27678235043717797
0.04810702193519911
0.29046694426794223
0.18173357308205415
0.18205557156613972
0.4536932535536065
0.5605612332451096
0.037746609034386355
0.5309651845171494
0.9980900653955184
0.4155440137306588
0.032249415835267504
0.1271153863754931
0.4637262745130549
0.6789837351204486
0.2119753660995351
0.2959969305948418
0.030880883822060296
0.0692047067441967
0.3946677297506812
0.3568101344543707
0.9154831499379243
0.14950761047477912
0.05424752438984426
0.9892685099306631
0.19090985256154033
0.017648872523732442
0.6423758932155073
0.057370490340152805
0.471883057866534
0.628265806865546
0.908638140947551
0.05226888420467444
0.6891953250083512
0.04948854966261105
0.05578427653457549
0.5986183622256195
0.3203095507738769
0.16472725718955356
0.04016587608538667
0.018366330961402458
0.23950003529399902
0.9854622504234646
0.7651799133500153
0.11871839167252943
0.14543185438573047
0.04966245810941734
0.023325549618230433
0.034079714790549304
0.09396529906358089
0.1325920766915292
0.24869864659245616
0.5126668263952333
0.057867027648573356
0.38760675267196865
0.5632330201617234
0.6880383982054566
0.5970698109504966
0.1664390722683338
0.07450221617388793
0.7878054246436417
0.11505819525463541
0.3521421323526036
0.07414990817525409
0.9979341664502205
0.996160406403734
0.16669748076933336
0.10788346314046643
0.2313787544845761
0.15313093183585438
0.061509839272699374
0.08822466427982517
0.08070938037556323
0.07139863882862307
0.13833186575767756
0.07751410157687304
0.20031746911954304
0.05333283182204838
0.02302020705287391
0.6572872740265826
0.10890080906328947
0.023703417921846832
0.0550413643492099
0.0800456657313901
0.11038799819906284
0.149094082491719
0.38319067955613534
0.9975382725097829
0.9847018278656762
0.9928313400477956
0.120062814740673
0.12671066075358794
0.4450512353450034
0.9971026406805074
0.9974116701010203
0.058094377529342774
0.04878126650761309
0.059653394992971114
0.9933633982751388
0.03630262236022178
0.039253188323374294
0.3550737027221768
0.05444258342311852
0.10273268226886405
0.05161465997705758
0.10735613060399894
0.06738176601714939
0.11453628529468815
0.3926538657453547
0.19378712910085533
0.043533775451747275
0.1875193590894534
0.3031329192705175
0.07216560594436015
0.9642428537140114
0.9794529675345227
0.03325119540027575
0.11965900055949823
0.06961402464841113
0.04676791496073367
0.9170732257069153
0.045925489344541985
0.6927871767247178
0.09393893945501075
0.18895100347690197
0.037315994352089495
0.17684963189956762
0.9690479747011979
0.9634160650368346
0.6710893654081225
0.9976638017875131
0.12338086646243758
0.17270027625531584
0.08214485564344158
0.41382269241631003
0.8962849792483023
0.9964006072737212
0.9943444107865103
0.7742923382687905
0.9972233320551632
0.04724363692712975
0.02739631888349153
0.972016523770872
0.045341699234849736
0.07122173876599279
0.14862916942946927
0.8899239845284722
0.0965437550875289
0.01931991376519178
0.058271771537978016
0.11101593998107277
0.16969857143363926
0.04354508893113688
0.16684916020384766
0.01606507944987565
0.12854384271043623
0.8821388704674737
0.26383882436127554
0.6440046657452352
0.10563694504350414
0.9780350175867402
0.998992306525859
0.5122845463357074
0.8830212380542629
0.6077865254352217
0.931722177307227
0.7425833764219234
0.2949774660786157
0.8883797036658889
0.19090528263354944
0.4008943788807588
0.16072146042074775
0.9989464514051545
0.2775718665499655
0.37299392919396523
0.30847602494892334
0.16694157293784748
0.9921520564456061
0.15408324225963274
0.337766093452904
0.12891741146919725
0.9925976766385882
0.9386836757986596
0.999393932921457
0.9979896157478649
0.9980762937418145
0.9822369297616426
0.8063609475664367
0.7762077920573939
0.6596017184464061
0.7209799449077017
0.06572150901396223
0.4982502771507567
0.4928776306036288
0.35583524027459956
0.17020097695901562
0.13272170417566795
0.045099020560660646
0.6787571858746236
0.27939223498164206
0.13422309146334802
0.7603732649589507
0.4810945489916912
0.046618659866133894
0.06271726923946663
0.04538683982381725
0.31736859782490434
0.26571044883705236
0.4469131919482387
0.3518047333201674
0.06544442531703679
0.06282468185729041
0.07051370019669731
0.5603964625806024
0.48557213055551424
0.09271212519232933
0.6446909255128435
0.11240619865902937
0.06928385980507923
0.7474843401491185
0.06225162896890438
0.1312120161334477
0.25616939977710557
0.37465114185397475
0.048612764079907576
0.14389862871029335
0.939928609566766
0.15440440350644274
0.0779132868405784
0.9976701943614484
0.9971582737912857
0.12212138192039537
0.14757645701096367
0.450544037970716
0.25229785145690026
0.7642572235225795
0.05198098654500733
0.14311107492740646
0.9603741981160584
0.12360066067168289
0.025662321629713214
0.8708159259072834
0.5685277895419267
0.017490645365972262
0.07148843286567039
0.20238173507133445
0.10043815616124446
0.08316803627089828
0.09830376065756376
0.8400530597339975
0.9262633680635242
0.5857716818387936
0.0609881981845427
0.5551359659345021
0.6219022173725207
0.08200546022430785
0.09410235309775489
0.024609513317858128
0.02532894995556325
0.02971447055018085
0.024946111364601856
0.26973347506003703
0.21050048055348758
0.04619607356635549
0.270485756487327
0.021098015707910943
0.5786003078703504
0.16549704896914097
0.14931060813439181
0.011857519286326553
0.05733996572239759
0.34713821275679996
0.796268251282903
0.025030236880143955
0.1097156775875045
0.030607446881459208
0.03624263242124986
0.12099652307256684
0.03389631714754867
0.021809226669715024
0.3186650915534554
0.045330413649843575
0.8006125701369028
0.14022786154981387
0.10360939044757111
0.02214127935273729
0.43217609697549564
0.041829090704063245
0.044412874377008714
0.04427161174365206
0.052296829337029165
0.11961327085396245
0.9706784067843501
0.3992425320944186
0.43537740870861275
0.5886644438179857
0.152569549868401
0.4929614720486386
0.8019697482995984
0.2537077195343852
0.9044986553579637
0.33874144345986923
0.9320100935592973
0.05939333171985386
0.35471878765111986
0.9457729472168935
0.11330414492635721
0.069567647053214
0.3968463042144884
0.4962741697179932
0.14733497937636736
0.42275275452120675
0.08543412083787566
0.08745091391925869
0.3434082753366839
0.02929064746508536
0.0651150777707628
0.03372720678942955
0.07640978139348603
0.10289926344849169
0.3696477822489488
0.9977583280039911
0.9981474951203207
0.8145614564198174
0.16302772523971917
0.0386754164287955
0.23206934735382873
0.08730457713317011
0.09950254330338136
0.07081606402744033
0.10143511404830456
0.6602538048900101
0.06644526210159125
0.9319515871272656
0.03550807130318303
0.02514625632958065
0.6677689105096362
0.9610659683997828
0.04724926490812806
0.3598739476636537
0.29783803191659886
0.04736744243701385
0.23381392129387338
0.04648909285415277
0.04234204818434126
0.028263232875852137
0.5558413209157584
0.5068145762541284
0.010953426593974722
0.12775090202507375
0.1292932818922332
0.2853641235430443
0.08168903815823812
0.05435899313995153
0.1718399974499328
0.04955026388515532
0.3324522239450038
0.43299644474415394
0.06367515311222867
0.01127264354309171
0.02913201138255708
0.17831395154170274
0.25370150652561896
0.032123019833953756
0.6577897708514409
0.07202424131647941
0.041477463882120265
0.2320822084084927
0.10709748831819095
0.985109009287947
0.6465129934861872
0.03545659581531132
0.07323580607421076
0.2715309672473777
0.10064967171241299
0.3468652415971071
0.028303663935198266
0.024951913432377897
0.36731587086796835
0.13725809059871613
0.12375977818677601
0.3115874972666513
0.4827777491448551
0.47066957258083336
0.12319385981176309
0.16056120699508517
0.39174244685535614
0.24348075933970753
0.5014512242207992
0.4253844258114064
0.3622641852901378
0.080725495279493
0.6589646518450073
0.46549583784492093
0.4208415709093421
0.039614419263069967
0.012474389767410495
0.039071082957387634
0.5046449900464499
0.17978432956807822
0.03968550667071661
0.26238440670358615
0.06680960352220873
0.21534647105675603
0.28313917642859465
0.2646085044350555
0.6394542992863208
0.38882304136541423
0.7230112974157356
0.6094667249273324
0.04146328182429883
0.10027098753681289
0.320608220203453
0.03133542732264407
0.07264386322502556
0.42480825747258266
0.601233467189629
0.200470602912332
0.13590728534637042
0.10901948856428556
0.21957278119035342
0.17067944232343965
0.05269911965511785
0.03226664996712277
0.13137936886515802
0.7994032784190055
0.17974017286602004
0.05882307727782818
0.9984475279147387
0.9982186763008681
0.9965746942194692
0.05454009320325479
0.5351637777326091
0.3277220294476226
0.8433465685480518
0.8636361322313209
0.8540524595529182
0.4645489160898054
0.43700101055770596
0.18560562911295905
0.32454537333222583
0.36036249589730496
0.23891930428700178
0.9723118510315248
0.9979976800799456
0.8226388545190827
0.09024146344214164
0.1152448616352666
0.05789475708217885
0.022580873922961462
0.6739615044033358
0.956416961530266
0.7789688677984613
0.08946726999853304
0.14610185646513443
0.5231729426719738
0.06445318107604762
0.014215981489112177
0.15571884090701343
0.07568523783207898
0.0254710137091875
0.07529291977569412
0.07955890569218096
0.6269516994758219
0.36790573126497206
0.4823774918183151
0.28548607276395843
0.13349895326019823
0.025131754896562577
0.025566673875007374
0.72123070469276
0.3924200179575635
0.06038881019014385
0.25133814928335135
0.7184634365934175
0.06346882056959419
0.9685087915732422
0.5075978310058196
0.3360200577023657
0.1417693941748206
0.38660932457268066
0.31654190388426723
0.9979207223514983
0.5559292677032145
0.17785728262651584
0.8692740596717198
0.11266800590448499
0.9739153186038976
0.20975955078988523
0.2210008253808007
0.16975048066349302
0.04591139365668386
0.08991014907469905
0.10333635012681706
0.1623505176703497
0.2623047535748765
0.06486522170918813
0.030034338397855024
0.08818745858683213
0.3932454029103219
0.06166432697397188
0.5815722992408889
0.0489048100903355
0.048463887716907884
0.2021729086381641
0.6344639158006499
0.627091924203646
0.09582116378341947
0.7120946620989168
0.3759077045285932
0.7032177255371905
0.01750822782933555
0.45882355391003404
0.3470123784751047
0.2853857614821533
0.07730902744845115
0.30927432414410644
0.31866137006928946
0.7698782935790177
0.10751902593170903
0.17227497716312962
0.13674782561278184
0.09195121768058695
0.17313938759190722
0.07904758295993862
0.07333351087405199
0.8859822196824627
0.2686306187384867
0.6253430113157291
0.9359040314810678
0.322419253288198
0.09698220225156298
0.4216205024385756
0.12954124349945728
0.03613692389668641
0.13027708581405376
0.03722470568961078
0.7171884540515717
0.23266925202139255
0.9870265597128443
0.913497991817124
0.7968831297888119
0.6746133063340175
0.594798713407238
0.2462491955099005
0.5434893508481062
0.45910244097416913
0.08304758126222121
0.9947170988407463
0.915220181297338
0.4112604700451464
0.31976004934976654
0.1463682058964201
0.10403304160726054
0.11389615309979026
0.057503673557311334
0.03337452921322388
0.4675707076408027
0.13336200236155046
0.027159184635324615
0.9626102096894962
0.29995199807992323
0.9347416807164763
0.5090087709330381
0.03991862479802207
0.18718623751076507
0.19371887785226485
0.3234279035838386
0.2088310789523972
0.7055505534664478
0.11971742855197319
0.1942124011518788
0.4623298047934829
0.2390952756421788
0.2997023261768919
0.0758988926189789
0.0795266225120409
0.719588941887471
0.18393576904652023
0.10394469387299247
0.32761941087093804
0.8101062988214777
0.15974020404115133
0.3838737616579386
0.15527535478318558
0.3472463019661367
0.0331766114032806
0.8357417860043451
0.9397566601728239
0.041613597605912885
0.03720758779680058
0.3386461401243113
0.3950211124632779
0.25048314651668024
0.7826055765459851
0.38537824317777175
0.9066854681449428
0.24272035083131333
0.29340717681411227
0.9656650617619944
0.2735418639220169
0.216645619654829
0.7046077602709
0.1264340029009714
0.27004418001305397
0.7633278721372921
0.3335254128153564
0.33977977473164106
0.11138883334444223
0.02763048629420299
0.14225870221655793
0.6486685744057991
0.19592886378890045
0.36377580933249104
0.348616036475844
0.05786980063992124
0.2500562474688639
0.21838468623493887
0.3108168102935697
0.028956029515026224
0.288708828213071
0.268824670783717
0.21283084537837624
0.23803658684327425
0.26139107342804013
0.1729304350134034
0.06964403207811651
0.065523994958295
0.06432952274484882
0.10277433128779496
0.14430309044667503
0.5948413196489433
0.19140550028440123
0.2507766005466602
0.972488888857629
0.20506801846055034
0.44572893706985744
0.6232530817654176
0.03829662833755604
0.09360936093609364
0.37398207980013937
0.07825565238161135
0.4241018402162125
0.09908137095764931
0.6861078374559684
0.05605398432837259
0.07934096574506937
0.03954901273513261
0.0473505611100566
0.09891387803825526
0.6914130219159415
0.24862974957578546
0.7156493638916341
0.8973710916502149
0.23036509621293308
0.5849797597522858
0.11124998611249987
0.32724910167281196
0.05790307570432014
0.08732054261959744
0.32004971523866466
0.2822382136895909
0.24644407970609966
0.22870366760516592
0.703030608937746
0.9221532572835656
0.07257323175130038
0.06026445062570907
0.5812707862484611
0.060535250572427146
0.7313455245349385
0.3611343102270139
0.16330651629162019
0.3630558330541504
0.2050389524283109
0.07249444224502848
0.17115756350538006
0.265476805778227
0.10715698455058527
0.18339746650563157
0.05522507666938927
0.18007476056556157
0.5567034426551157
0.10182880791924162
0.06701771548232274
0.21827955519173686
0.21878971751875692
0.6290786697431479
0.5816780069229235
0.8342364046635409
0.2198984111379079
0.32530757363363694
0.48982688326574153
0.2201168618630662
0.22629637554896626
0.45137600440701714
0.38409296844661284
0.21249718895219588
0.13537614491941444
0.12672574797670927
0.15638352188751245
0.06452736585029743
0.036959333321629005
0.44521147103621017
0.7099882762260191
0.17473605159694305
0.9657202553999653
0.9684850619498377
0.03067077817634694
0.11217511019329625
0.03650255331521198
0.07038563370992552
0.02231016118640762
0.041014986694056677
0.019436833253053912
0.09620225917849756
0.012315055966707596
0.07974719500071012
0.523540485964371
0.05520837747974402
0.18419667575448162
0.03291550766991773
0.0297865250034305
0.6746396476701728
0.06238391250093445
0.07967188526778868
0.2878591977244077
0.3149936483659552
0.1586519631075636
0.31827979352984553
0.029045468185214748
0.03332290362953692
0.46601070385719373
0.12698469362536455
0.13365081215795724
0.14829793676197064
0.3499137435307649
0.47409522037802543
0.1773163277363239
0.9385168459919085
0.18343906780464342
0.43138950709984814
0.20278572441634002
0.23178204913583628
0.6560317287058366
0.4096238056746085
0.24334812272964895
0.1161748859728106
0.08693460898596544
0.03703067944196498
0.6543597827042897
0.06529349312775584
0.17812293456708525
0.045200616834938465
0.07809662117839769
0.22578568054937323
0.031461958990585695
0.10367438431349188
0.7617463537652414
0.2930518408373324
0.04508773120980805
0.1345935731229758
0.2040678446401974
0.8698241557324156
0.1920558962992158
0.03312497188489529
0.1976430812722812
0.04826721174393757
0.0369250847120376
0.029881626068531043
0.03458954830188237
0.7855462189677
0.20110302331260294
0.19195780779104812
0.5673509409185475
0.06495309310010314
0.21652922120704435
0.02634888199001847
0.085671532585185
0.10558509649351135
0.14628024886783902
0.6495383694269249
0.011574000571555587
0.9366548414258491
0.36404771605433794
0.048809346441777264
0.6185399260278706
0.9426870509450913
0.09506361551948929
0.25657976540804905
0.3067945888930076
0.38169195533925
0.15111067546981816
0.3549093851626792
0.05144121941609562
0.4002642298477086
0.4046297648605228
0.149874708372937
0.2801803706625247
0.8995075962289076
0.09526360346726404
0.18526462117214798
0.33361793055827715
0.06351834578603319
0.10996819607232615
0.04471226050814767
0.030449094756642373
0.25215461303482656
0.845614263166023
0.6233186713251564
0.0386754164287955
0.38469534337999767
0.697341595363845
0.7345267231824092
0.12444633965170983
0.6674132194798664
0.3265151254377099
0.7005474650959024
0.44063756668686516
0.308296165414848
0.7073490369819234
0.602779588833793
0.09024941307383896
0.09642556376906522
0.04911534726440535
0.6526668398992239
0.281145787964871
0.16776797847113054
0.44298160928935953
0.5944314780447931
0.04550814127576389
0.1337901938924957
0.23804083363339917
0.3841726586594897
0.4730979034766798
0.26257226577967846
0.05773113800782286
0.04711981031196244
0.31783834648685205
0.7274651586786565
0.32101609548826443
0.10227437913027922
0.046173528727611074
0.30859337768543055
0.06233982069502243
0.013356009609666757
0.08179899742643791
0.24377961539556706
0.4440992039915866
0.6341831421994519
0.054963411673583575
0.08787910738896966
0.13695098657487592
0.11171270227345928
0.09517414221333123
0.17460489972060672
0.3406854485929013
0.10635983045902792
0.04753904699195337
0.680191682115499
0.23973726042405322
0.48174748423745106
0.07308107943562503
0.024911297999386364
0.1190795336539524
0.6118058762923224
0.42007861827658954
0.4849378308256787
0.9638495175717959
0.25299489060439845
0.027968596663395486
0.04982791291233226
0.07895873675115862
0.5157506148277826
0.1866781888766896
0.27691201268097626
0.6118090318363171
0.37993835180688346
0.5145906280999337
0.5450883802534464
0.09773768346265309
0.05152235001013935
0.6766619901067705
0.12968396858139403
0.15295675991199317
0.1541025645627
0.11439294707535302
0.06572973758591279
0.12739176984105197
0.6431920323713474
0.44847086633382266
0.29649732581705796
0.3443439109251104
0.1058054262052812
0.034721245369719135
0.17466813690148017
0.09652537107869191
0.3387324532473686
0.7107439842906483
0.08001071618579518
0.07338778553643471
0.06736261007430613
0.10439930554909443
0.26190837791838834
0.6469711789995679
0.03755557288823025
0.05814427400641723
0.24946852412275217
0.23784120359462826
0.07726044859926548
0.1095300953306167
0.25201341835172586
0.23220008925311375
0.3112898931111872
0.21958371105613858
0.06270074279625613
0.3727483147587306
0.03180980868503014
0.12544466864969184
0.3802995422664529
0.23676338567624428
0.7351761848140662
0.5697559039491963
0.8720233908727368
0.09722887239645679
0.3962488649759162
0.34272117912824507
0.198260181341035
0.022880579818609737
0.04994286774898932
0.7022931413164291
0.19580414108269123
0.060037784608531874
0.36956429993624346
0.5274593607684888
0.7954120993713198
0.14735449592312647
0.0925008444994933
0.08458251789559504
0.645030231731006
0.3270803684531536
0.6408009568040546
0.08509520422735821
0.029284879479798253
0.04375718413122496
0.12396935304543102
0.32434453288856985
0.7005082635465879
0.6617770326906957
0.48983232563495777
0.44545766434339273
0.02964240903387704
0.10664204448341719
0.04755873672468686
0.6900822876395758
0.02874248677829915
0.05580652428844588
0.21479832615334002
0.0687596489453667
0.09520308680708395
0.3656541243303579
0.013411996963396242
0.16433251353031164
0.8747738765520197
0.11232661020994575
0.21938475828814183
0.17130587601689393
0.38915878216255606
0.09027856095635504
0.10279775776984167
0.9556353715070844
0.04158523850915009
0.4622149377398148
0.3401332454927578
0.024670460558540094
0.03322537872120721
0.1457278129587597
0.6505343705119899
0.09557136838163008
0.0416929972097726
0.06924019023382431
0.21450094355630742
0.03650255331521198
0.22754325928766175
0.02851156001318454
0.05057059204359884
0.025134655205979694
0.043680836975749385
0.056665319554298266
0.2102920414701295
0.1550583256372782
0.07090320822702441
0.1828864806199917
0.026791764962393907
0.12193909705774811
0.46919118617231825
0.08201618392195416
0.4424733714794939
0.028306551783005673
0.08454511998339201
0.06283569762829566
0.08735247250987911
0.1522620433863803
0.014642652729393638
0.15101362835965057
0.09031565651819246
0.23764363511505116
0.21149518099197692
0.03996410258406888
0.0351333614587728
0.019997789863366196
0.16267489983435002
0.10681287081997423
0.2894361354927641
0.061490525976604093
0.43913011498415067
0.9069097387793253
0.13219556320715492
0.27296397913057135
0.16963485911433157
0.2568827259738581
0.06886889121686217
0.14477098436607808
0.3288075855790297
0.1929516984656996
0.06231777377782634
0.08132685661754276
0.049869971674126774
0.569353051467258
0.11825778888084407
0.07648813929917665
0.08536741780513155
0.09018581350977942
0.2505747356216141
0.13398926133424643
0.06014006957403183
0.15247029146169241
0.11009957246662848
0.03422869159389927
0.09460026683856267
0.020640030297292184
0.08580754160554213
0.07632600995432855
0.16870679953564496
0.14080696196796655
0.05880092236740969
0.14450645576392002
0.07694730530741734
0.0391621413156111
0.7090484853278494
0.09291278310594807
0.7880629997797742
0.03855866810082776
0.06748574648317751
0.29700695329981
0.06704783194336973
0.04965404414466331
0.25435560324066847
0.19510979346197813
0.10098378820013768
0.07342848882328774
0.23486476547766447
0.0772739430568123
0.21461550722129008
0.8004631866420182
0.25558328300359057
0.07889949977262393
0.02075965894634697
0.02221698977571195
0.048612764079907576
0.09231592184537998
0.04182058560485282
0.014274847267454302
0.08121414018739323
0.07230150707852913
0.10908655932524006
0.18191891516654396
0.05691248540076465
0.36358643031284704
0.25653235005438096
0.036987872604805315
0.21891445935628015
0.08301010219331144
0.07340678069267757
0.8628078593827393
0.2065486579148875
0.44255388745389534
0.03573966622673779
0.3124944583074721
0.24541868723956983
0.6119941178490366
0.07936249365448579
0.12205049909330923
0.5485457338693616
0.03541083678813644
0.45345673241284035
0.1375873306521052
0.1312694701917865
0.3132986500085443
0.23924152770306617
0.022511022067775378
0.45706152780752085
0.14386920389697747
0.08976166972218305
0.08429129622288917
0.1487582087938816
0.5887297743573419
0.36804583961567894
0.4320286045458559
0.17592460185052777
0.022161663691285485
0.3260687861081676
0.02996230823358311
0.371506749141969
0.2949271252263529
0.157254317822532
0.2861052754246204
0.26028754717105884
0.7686515787862152
0.26529999094553325
0.19188023901964268
0.3042816283452215
0.06934935916388962
0.16429445361628922
0.19696427423516144
0.356323767117021
0.8718298345651052
0.3965963675952422
0.04878688258137919
0.05994654521575841
0.1461482918904283
0.07518194926507885
0.3990744886201
0.41666871295909774
0.09421039609527879
0.08529537146371
0.11072005453386881
0.18507330278028106
0.027329813324327143
0.1053776637286623
0.11626424555959197
0.1363041296347477
0.23183780374598206
0.019246829707462405
0.0773630000569055
0.09018846360618513
0.07018667642752562
0.06781947650937506
0.1517023605995071
0.13783477480684497
0.5099375864654508
0.37231272121465453
0.10629767623365886
0.056151276843554185
0.429484425425744
0.03350931221586743
0.13867047112892336
0.07001220256253814
0.13075720951970612
0.4833678988247733
0.08225206424099447
0.16780347436853887
0.2187853401710336
0.050197946307064215
0.17560895500248985
0.012757565602263782
0.04081344786326449
0.04479414657997521
0.05772836448319561
0.12201252315018965
0.044983296408242765
0.015160214212886427
0.39924899428049776
0.0428404896055955
0.7886531643552637
0.10902980756391047
0.14050884847474157
0.0560095033827884
0.021532402095875664
0.08015587995312622
0.1299818426926885
0.08876127109331489
0.11755993799295508
0.035673912152149344
0.1057484063704285
0.08437146092865233
0.08745091391925869
0.14899674498282425
0.3462141980265648
0.28672777244836717
0.09034745116023803
0.046697515434072384
0.027517748319406923
0.4446519180599607
0.2533534791411104
0.6589740829453401
0.08123292750289428
0.21945472674871266
0.14721786826787972
0.07967457503863286
0.24988540616223154
0.32266510944505145
0.5272070725936994
0.10032061989000388
0.6588835356498802
0.07335793498316565
0.09571336824701965
0.5475718797502352
0.14764473807583287
0.04518368510791827
0.09552665877664754
0.38602059822179186
0.048399271489981056
0.04500587817625217
0.03673097896599558
0.9647082124466047
0.33711915652376157
0.08440619614845239
0.16944368553454656
0.5765684792190972
0.08739770405040166
0.06761433302393803
0.10531023479137301
0.05617351329186665
0.05383215197488681
0.08465196591841934
0.046320057682020105
0.026241739584950373
0.02716786162447494
0.02916085685205123
0.21256791204263972
0.05264046624275114
0.43884642702517623
0.03196212070794659
0.08868425856057087
0.03964569857508364
0.09813346143278236
0.05345839167717821
0.6036877869692936
0.04680170431096119
0.07422309416400998
0.09760920417127117
0.12002219004318411
0.10063661704835081
0.3924281961199544
0.051673396557617324
0.16777034492313922
0.042843320685213356
0.046193255499750924
0.44727533802988895
0.32395371081805785
0.9749278025728538
0.06123388581952118
0.15721344935009132
0.02628228178661746
0.0717251085012826
0.07513863901042428
0.06359537822448898
0.2426191745546357
0.06368065450199935
0.3008729644818572
0.4506409485086509
0.028667443530256482
0.09780060350662026
0.06654115938151028
0.0976564033813309
0.4568366837420911
0.08210196766436274
0.06311929558360346
0.05296160524792592
0.04548839590642254
0.08291907334244043
0.03721329380558589
0.03890885713450805
0.27952928885612605
0.025786934934132158
0.886647061180729
0.6162444868385238
0.07017032131132539
0.030259027149055248
0.40096846658724333
0.28482883098913314
0.09066267041237211
0.04155404222881656
0.04352811864614143
0.47258725816416414
0.7976008855848035
0.8200677031252409
0.16098687052992786
0.5515657385078221
0.6074382525783134
0.7364313857243212
0.6568230441386272
0.04692558515306685
0.17755654768202114
0.4562545402927497
0.2384229277335011
0.096420310359541
0.028618372651920153
0.08507384971220402
0.1312045217702358
0.0900029327938998
0.08521264253982626
0.07798608701587537
0.12264771185055545
0.1608482008941963
0.19237059263508252
0.21772514181959934
0.11117026497019572
0.5535584938708449
0.04364690233696127
0.03435472524036583
0.022633258480085097
0.3045789408250637
0.8581789397116083
0.62590672608947
0.21554228092289143
0.045468650000969696
0.06812844842398673
0.4191323659327815
0.05011947015565918
0.04922199611578369
0.08196792600519566
0.4847592051882865
0.11979363154378844
0.5137237058739986
0.3471842860458575
0.4035825076091374
0.3924527298825114
0.2378220867671585
0.02822857591397006
0.5531187742559407
0.4390265639455763
0.13755268129632323
0.08809443577429843
0.10915620288516638
0.3775849219248072
0.09119213321687189
0.7707181675772967
0.028551977429949266
0.44844580289668134
0.3253406903551074
0.08997377351218734
0.22292603187576623
0.0805428382708362
0.02512595424350761
0.1987683408602356
0.3174879344352244
0.22418603068757872
0.052369481632463986
0.10842588847368441
0.024049143259726024
0.24980205199156535
0.06226265352638632
0.26511295923390904
0.27210618170863876
0.27210618170863876
0.06671922029525586
0.3177265354185484
0.3051674119766833
0.08255216208043546
0.0358997384140866
0.13222799118060607
0.6810921828151649
0.7311390725896979
0.04980828465523142
0.016625659607123363
0.06335324844985817
0.08664435449220959
0.5510173094442756
0.05184118911216281
0.1372902789739341
0.01908601938220218
0.026311239136457682
0.24992082831912688
0.20053815046728649
0.06121456511271446
0.04770498660015802
0.18489807083314336
0.04617634687069305
0.30868989244852346
0.22464813041918266
0.09924097537652403
0.0974964376409516
0.366961659493275
0.13865317420701548
0.034512236822822534
0.011186941322899732
0.10039636774865358
0.2943033243468741
0.0634908321984911
0.02633440419699962
0.017601993924144705
0.10764828081692059
0.1439403116767588
0.07437486337759107
0.09116566952503499
0.060209172811373966
0.15455889264815104
0.027653609898879255
0.13570629485115557
0.09504782457205158
0.09537672932535007
0.1762657987676917
0.5144831555460946
0.05823297032843452
0.2714142496289671
0.279112072628181
0.0871475639598298
0.033773071080726545
0.09012485854252747
0.07430711325704294
0.05438685764180019
0.038897471513371036
0.03996410258406888
0.06257678235687578
0.07872714593250658
0.16201404350059945
0.22234951406693185
0.05683473448645446
0.6907647920103669
0.03308480530123593
0.17092443407962404
0.035959756461785626
0.21714172334049456
0.11961581147264906
0.5272916037108176
0.20905998912167886
0.11471797505014722
0.02828633661034909
0.2617693820238632
0.0664945823051914
0.027957039898252385
0.023130726560607762
0.1591675396975797
0.7738060887970549
0.038259593402288496
0.06045788955449052
0.13690144070430396
0.02333136444181926
0.038689652753693224
0.0424270338973169
0.12141729330909479
0.2657023236065191
0.036131209487431225
0.09214944990586173
0.04305279005390705
0.03401667702628215
0.11579689495559477
0.23880691133812584
0.5337292895977738
0.15820800996146372
0.033047505789572516
0.09941623668745134
0.173594629296227
0.3707370322969209
0.3145066450854187
0.12441101865115246
0.07607463647185471
0.06307249586643855
0.04531630642233154
0.07426917037673511
0.0911047992606118
0.012114364841460827
0.028606826087212416
0.3159795401264534
0.8184866405207853
0.947107339318335
0.02651390872637757
0.03820831116282605
0.07061450235467438
0.10591167799905574
0.3681141725688224
0.18873324638177794
0.44553772655121954
0.13460351616902516
0.07733331562903682
0.04365255821991624
0.026832276908390573
0.6394454127277172
0.24750126502372236
0.023060926690652156
0.11096449069624016
0.3813900592863268
0.39773801143119164
0.3575049736616813
0.03915929591373639
0.28927393565071685
0.29953133703397805
0.10822188283455099
0.02462982962425273
0.24581939799331107
0.07017304719000875
0.20018907916195128
0.5252929969251243
0.043991830823498806
0.8049480286472621
0.2004390783167394
0.04478849956052612
0.6835126158187355
0.2942335424936215
0.45591598882412476
0.04940719107208479
0.07848470260004624
0.18811396266547262
0.07597189917881048
0.09624955313944109
0.2965282246223907
0.04615098318962844
0.15315995611097244
0.20001785308815095
0.16737976656047165
0.3125621425812049
0.05457352209960723
0.14481995981439458
0.11631275021677767
0.28050763402221096
0.07196986285198563
0.06845641426962647
0.24069161216659812
0.07374589476526709
0.09477932414506375
0.5244219700172352
0.10047210740910066
0.13783972277314038
0.15779739183189181
0.03956323204392994
0.7117957394932373
0.11699400881804621
0.06853565014247842
0.1819860888025053
0.033219641557994534
0.31549147627666335
0.5962995273044062
0.2683232445321763
0.03985324551686274
0.10632616427512237
0.14366319444444445
0.0375470178633757
0.0894248238661797
0.07033113037245735
0.03752705574946864
0.09493464572682159
0.0780669673581053
0.0931424133797784
0.0696822215314317
0.038476078750806275
0.06494760145342107
0.03191614305009102
0.03218334791364541
0.06918286987576693
0.08535140814120835
0.07596649154219032
0.061247686006694994
0.3520419877122575
0.33037652518901117
0.05317654911386887
0.09479512112866058
0.06426631137043654
0.03791194330997242
0.35175199680327757
0.029440599203937177
0.14630956914740967
0.03459527475361663
0.02998247739113051
0.15701628412521623
0.24479508361338354
0.027199676376675554
0.7689951607479643
0.17947284555994755
0.05754806249855755
0.024536950512969325
0.3000287993088166
0.04289710910786447
0.021815053441313105
0.029106049492639643
0.05892553487880564
0.2659480645129444
0.07501952223254543
0.15356374747318796
0.1258148917691809
0.03252798469133193
0.08623939679547596
0.06371091139245355
0.07112646673868189
0.06086118066948737
0.22113385977147515
0.08819277380589345
0.03952910523763809
0.03001993292970947
0.04878688258137919
0.03739871486100413
0.0322637776399193
0.06928931831405054
0.37219401871857183
0.7365666263573846
0.5564767836677389
0.08359615493569528
0.0949320134436905
0.04531630642233154
0.5933652468766433
0.010787852794357672
0.19153563122938078
0.3213014403696399
0.06290178870824033
0.24110380018799515
0.25991038285700113
0.03107079063645765
0.0645081334969156
0.06169466887334668
0.053067689422731885
0.01770453700995312
0.26143402819636724
0.1790681618440913
0.3503950042765306
0.3568972533527204
0.04959514365776635
0.05831057065912118
0.0625492326887804
0.04064025030938427
0.18813232022165316
0.07138503268671045
0.07286929385572662
0.19962341093980818
0.0627558294623557
0.10566286787261336
0.21705394531570738
0.2182050769333313
0.019077246905365088
0.03627119967212475
0.09457129739808302
0.0537094460128662
0.8236943242624211
0.14171773807971486
0.09819896603155735
0.03426879555981161
0.09326643533714714
0.12116891783821347
0.3988498119235479
0.020750906286611415
0.3419778400879479
0.19447606713526278
0.055533942063429396
0.3242339492257189
0.02612589243077213
0.054450941919766245
0.050553785083845636
0.2403130070240147
0.3455126616474689
0.6549828968538324
0.2483248414127574
0.06913646431712515
0.032539469796727366
0.9952390951454115
0.04793274024452814
0.6457518238198562
0.5511001544808949
0.17628682570050902
0.04967367657722989
0.21919886743025188
0.1594455466781061
0.060977154073298075
0.03618549457412757
0.1372432339126564
0.26667861618051886
0.08661771966787402
0.16803533435865012
0.11231634006760796
0.3188418350473251
0.046097434734313845
0.5633043873573569
0.21770102601015243
0.2075071431771887
0.022732196953282883
0.24729834008678714
0.07159453853933162
0.05706518602315622
0.2119156390615876
0.12106244380829459
0.035419416823539523
0.10798681485111027
0.024191453691095564
0.13555737481238916
0.15482433799421758
0.285076856038087
0.08621008164165515
0.07672856316004212
0.2563550258180697
0.30581995586310556
0.02705505279034691
0.0734366292019424
0.3219272328013157
0.4676105000894738
0.05697912237394251
0.0489328852438083
0.1569104642791907
0.6442390745002642
0.29142394430881535
0.2452465757779053
0.7979454138518179
0.1637804324006521
0.7149350751307134
0.11913038355034467
0.05417784769131119
0.09679320473722614
0.2813200740957395
0.6621412987256727
0.3445486575966304
0.8808729361399327
0.4812952220029366
0.1752065794540438
0.20070698863724953
0.1737095636150787
0.8771048664720466
0.02936851083855407
0.021141757435699248
0.5535166902866836
0.036148352581356
0.48190367722817173
0.019182509768459373
0.16975519948351028
0.1143545478731266
0.31061502304235167
0.12116131309565834
0.09976662777129522
0.3505253865299967
0.16327792768868277
0.24831648567323047
0.07916064388650715
0.7670563320957987
0.07315980419947607
0.1413215774437643
0.06210829433451497
0.13656195462478185
0.4156208432132323
0.07304850113014559
0.2936206660822429
0.5464663313618495
0.08700382639363813
0.11207751639599095
0.2634678955047936
0.23988548079249447
0.05048935479382161
0.9777686097155928
0.21853359236040987
0.22619470198900452
0.141058162710636
0.1107792417077413
0.2075650525590212
0.4936560074710978
0.48022728694228634
0.1879372449131327
0.18847872275314548
0.09621014172662408
0.04835712737295222
0.04334424854043094
0.18586357161255054
0.29165955088402185
0.04232504985248331
0.25812805190031246
0.13304068253190027
0.02208594759907936
0.0582357419126637
0.08115240693305689
0.10555139286823205
0.04273573192555129
0.10478095060924567
0.024522437095473235
0.2581547835877736
0.07480831171792605
0.3805936734139505
0.16946492975661856
0.09038719244597894
0.033950768112060895
0.4824851782007625
0.020482441085610807
0.07717137875887609
0.04456540723059906
0.11319645274143325
0.03709916517125692
0.5054883781371869
0.04526551813762952
0.25538916491591407
0.9601325914355434
0.0844943625128811
0.02544202332947327
0.4963050643769932
0.06431303335770812
0.03820261291410284
0.11991299931547686
0.07111285541186244
0.055720310423847945
0.2580540196823599
0.4650890023457983
0.3032341400599022
0.019758266656666808
0.05334957439544478
0.08040044064370322
0.056217984133798166
0.07721996369065348
0.06563098849062304
0.12481962217377512
0.40011101546150607
0.05115019356633414
0.01180732071742793
0.05591219175945733
0.009832127621950373
0.04707477721813251
0.025369542392676397
0.11448509647802112
0.02571448790201309
0.31442606365741654
0.1303321170682533
0.5756158555298508
0.0703175038887364
0.13152171136420865
0.038014545780612516
0.09962021700285116
0.1043032123357265
0.11332721964711952
0.04127605280969682
0.04251767440233509
0.05266839703200532
0.0280379334437632
0.408667075067699
0.16893598291978656
0.029763468346787628
0.7112237600437508
0.10886210484728086
0.09701894585615516
0.49129012647876874
0.03953194919907933
0.24670801973182893
0.06300642048731325
0.37793252335022426
0.05344165162245985
0.2622659444901031
0.17066766159807017
0.05357556121268225
0.21177404173165054
0.16566561936243723
0.1389545719330656
0.05182720788423886
0.2001868264801406
0.2593852505793671
0.5598523090654054
0.8462867343274424
0.3949641305356772
0.38373588297980005
0.31009043312708234
0.12762535270028438
0.03563102587832851
0.09557925801643359
0.03391064674088337
0.0871475639598298
0.08087319818200396
0.06997948397233006
0.14014896714781216
0.04067432520780798
0.35129122524341133
0.0506686248743913
0.09566077905250168
0.06297338051890072
0.11242930327300177
0.1521554729676302
0.17808332657687037
0.11843850393468715
0.17466111084604333
0.2886012220590872
0.07249987628332262
0.04992043896808472
0.28777495284444565
0.09949208246190619
0.10787571114349091
0.88659288333242
0.8728556890769021
0.16421594819295132
0.28844271272522853
0.39750954756731804
0.32527077508634267
0.47245212654457575
0.747423176957904
0.05732609046911909
0.5098382471760587
0.07147754934116546
0.019936455938508294
0.03572251355920953
0.1087279135556277
0.44334050922534185
0.05503022876761418
0.0850818577309241
0.053095603725682367
0.07837692345602258
0.12494316431745844
0.036285482879419205
0.2813715581870709
0.18905412633323193
0.12256170464417097
0.07950509957669254
0.21812839909619508
0.06550204559408299
0.15486052697183997
0.021820880166975115
0.07261669810081894
0.05202292051185024
0.44791771874894787
0.05304256562916603
0.06428829856677687
0.07670965636077944
0.0880226669427867
0.06417010946767086
0.08655911952056085
0.45971027237559176
0.47933076759769844
0.7984674788230717
0.24785047665158524
0.16318500628303048
0.03612549503356176
0.05760077081814807
0.09136941431018422
0.024272761616924817
0.2328598171263288
0.11990284116001768
0.09111273915861254
0.06486247555482418
0.1760578297939946
0.1907087455418633
0.12232386410602594
0.13292357495953455
0.10583134277030608
0.2928944941503667
0.08088125381979464
0.3382197809347219
0.06581750314564028
0.17572120223326376
0.14537068979530648
0.09987380195868321
0.027124475656313332
0.19920842496687316
0.04015451004665666
0.13024456526702013
0.08654047300009611
0.30084420567920184
0.36243330067252943
0.020952191258630244
0.10425905696297935
0.4541193057025599
0.10414735737177697
0.11770771706135719
0.12278934736741594
0.9179454405338139
0.024653047575021392
0.08922051611956637
0.11253198113783477
0.5689521615206617
0.5803966310637114
0.20031296463811515
0.11781980424642614
0.12736162432534825
0.033687073180745555
0.04501999142531782
0.06746385711311496
0.03125201952847315
0.8216199715080388
0.5456303229968735
0.18770537410895194
0.34079654279160926
0.17168239394712234
0.026548646487586668
0.10373937212952086
0.4095794175118638
0.21326809316625267
0.15490877591318247
0.04092415918322881
0.019299450956236416
0.0601483623127473
0.7544953927815273
0.06934663014367576
0.0940944468605192
0.4097173260453994
0.22807843177158327
0.04874195277412814
0.09777176585405983
0.1374710008411346
0.042557326078507575
0.27074370006146287
0.1701844720100428
0.13480731670467969
0.7439927665227901
0.4790473286433036
0.05992995499301086
0.04667216993471651
0.011559231011961109
0.09505572009014124
0.03270024239791996
0.12579223077895593
0.03725323462068051
0.03886331358525927
0.10635206148403066
0.03166033975421952
0.02856352485550494
0.006972438711218611
0.054501090869843435
0.03434899690845349
0.03400521503211506
0.15132655520030497
0.12209100445891351
0.02702323178958822
0.05132370382102859
0.03756127618252795
0.031211750305997557
0.40603736101204674
0.27840016027389897
0.10344817954815032
0.4903681117864427
0.06155122316094324
0.07132516258319652
0.026948013049276538
0.12767306414988008
0.01881109904216451
0.5410175954091595
0.3243758611446817
0.07439112244839773
0.025720283926616256
0.070660812093353
0.009429349932328092
0.03694506326249547
0.8191381196410497
0.13328230920621037
0.1620068826365957
0.5794451140628875
0.753784803476766
0.16712872870738144
0.02561015166556907
0.14995004815178162
0.03981060370070401
0.15028290070401243
0.21046500631872148
0.08856473971251887
0.03127502952137191
0.01924390619508863
0.10557472632079963
0.13383747766324278
0.05831611322024125
0.15256228755398735
0.22234080792353125
0.1119799088718543
0.22773752716280382
0.1663726759321166
0.37130804862705913
0.12523302300260108
0.27590591123196095
0.05308443813374901
0.09428417201463445
0.028000376831903533
0.0708024467862111
0.13248735962482747
0.14259044419870304
0.11041374467556866
0.08767967068456109
0.05503858046990146
0.11973521000268693
0.010622242168851749
0.04915183416225126
0.021138841401013905
0.05426981951504428
0.03567677114775607
0.04726614858949228
0.11295536675309496
0.10721906215702771
0.1028133749881239
0.17410347296496978
0.02425533924418262
0.4633510024395806
0.09874634506338338
0.329898435184174
0.1439329560453469
0.03679378351961575
0.09628370790722746
0.13100963951745828
0.07223899577002008
0.06285497482121917
0.01399813754433239
0.02747438296268228
0.35576541665395295
0.034841469847037454
0.21699029873597886
0.3723703676974705
0.3257140441468891
0.04406814537576631
0.04786807671903377
0.2532146282834093
0.09903688455690339
0.202119007034515
0.26139107342804013
0.05974190574951032
0.4268252198935124
0.10892919078628886
0.25671580678369016
0.03637403254323552
0.024917100341039163
0.08687070997499703
0.04233638211777145
0.379690734893003
0.3246485307323066
0.07770293334547028
0.4497681087984227
0.1074285332323255
0.016038654225134744
0.09966728094595279
0.3304987221249371
0.03581684825791489
0.11725153853812148
0.07372962097340101
0.10002538620633013
0.21604803007529097
0.28909800717822703
0.5713937265836452
0.05278848714297293
0.03890031793529083
0.14216529374490813
0.1227109455915732
0.9625909564806157
0.799474605954466
0.20720637640289655
0.8347188921206767
0.3149674353051222
0.13602884344339067
0.9899898609984367
0.20176853744705384
0.31324043906939064
0.08558884765094597
0.09561344540962212
0.2299028290991116
0.09551613845589173
0.05702076735711621
0.1948509258727532
0.2011884991107471
0.39601815829333237
0.7111739834662066
0.11977585159829957
0.038772217968425796
0.08406411357693724
0.2066401096769187
0.16979530810201074
0.46641111755764325
0.10910719518120551
0.763533311861238
0.08026607706694329
0.6931510356713306
0.04253750051011187
0.248527433947278
0.08335001832200643
0.07000129653215781
0.017853931540661196
0.9315460129395287
0.9208682035022803
0.5538999505505041
0.31083566541672286
0.7377351587035401
0.9960476698588128
0.9676410964038091
0.8990216071764833
0.7512264910077294
0.8303960038033507
0.9689859472441078
0.5784972870960132
0.7889249588287551
0.47489588359191015
0.5870425778996137
0.13273665961158782
0.4888735647060251
0.9981179422835634
0.5040250666971213
0.47484544086430097
0.6088688932270472
0.5314244646683016
0.9880539086060185
0.5539667803588366
0.7320176943123231
0.9877045681042131
0.7391394768931733
0.08370581870301444
0.05691803871692697
0.9456516918710364
0.5535489390914574
0.37839565714798445
0.9980349742458478
0.9962676793253479
0.9984267318488994
0.09491885188009225
0.10792738949263594
0.8751338255057042
0.11827560795873249
0.9876051690390548
0.6667416599172742
0.9981448086426156
0.45311051802883273
0.7398597287819513
0.9972270395320323
0.9536832674111142
0.9525663325374865
0.9609331032356233
0.7501747092927348
0.7576315476897495
0.540913357391489
0.5646233050974289
0.8632325372891025
0.7977541240559476
0.9974699286005274
0.9988748068997588
0.29507813516652825
0.7036111456212948
0.9509066629181894
0.6208317166405455
0.3106527454892023
0.8757875480435519
0.17867952517027416
0.38738727378728927
0.781282192568458
0.8212798670794492
0.9923290925890201
0.032005222146756426
0.07342848882328774
0.20279245544092087
0.8202821463495981
0.9888933109082435
0.9939701482869877
0.9012076444227282
0.9761977262790902
0.6171214864378088
0.94118135751205
0.5105893325699481
0.7770770780419392
0.8861596181421753
0.9981293608376287
0.9964962854852635
0.997449724870476
0.43919913778105923
0.9074027251573346
0.9966868573530023
0.5638176766201571
0.12931081747902848
0.16755259614052168
0.2013369303414445
0.36168570687040974
0.07538493099164606
0.028768461503755567
0.9974163851639998
0.9350891015129821
0.9562928305322748
0.3615146409217177
0.7269380148592822
0.9882484792450641
0.7770728970773504
0.5366967174477344
0.8463419990953374
0.994307930060764
0.9905175119320798
0.995232640545741
0.9985236536363052
0.838748541940535
0.05814427400641723
0.27494217727076725
0.997720992717624
0.8497164330125556
0.9951742019208959
0.13844310507588412
0.9747479840827629
0.9864311691086294
0.9836460372931486
0.41950919785803503
0.9774327595312781
0.9545565617572879
0.7283775970238009
0.8791966307759544
0.9573871672788545
0.9835013101850099
0.8336330503791184
0.7067538038799258
0.1432092623581023
0.3425354338485852
0.8067180866158691
0.29537230223627087
0.5967522825069821
0.18911140979950394
0.021785919123951208
0.02924161814798183
0.020140882587977624
0.6167450997018132
0.5067014541890711
0.5158565197537279
0.8055137577724586
0.2609490799633902
0.994777345007794
0.9873515968314227
0.901841848579853
0.8741937529517195
0.8629491208697868
0.8067744770999881
0.07854666820815384
0.1031256460543887
0.8083184391237225
0.1761209284099153
0.9596004501888517
0.6430970756759535
0.298017209188277
0.4790640058805914
0.84276538038549
0.9154690276522119
0.6381767036522923
0.5297378869243596
0.6463186985799297
0.8012270453084385
0.8385205085101541
0.13326736570485134
0.9310492362404947
0.9508604284899467
0.10414735737177697
0.10595054656032238
0.9493545701368097
0.7210964469535524
0.9107424017196893
0.24496521880276378
0.8698982763777384
0.9351120775297376
0.977779882131438
0.9970237217025546
0.9156999097061594
0.9014050221320516
0.05605120434955882
0.9411667841458271
0.7731839774861469
0.9307059019098679
0.8866826728859769
0.8277322976227718
0.07965843626075199
0.5674703828593596
0.33336029567316666
0.930795770281316
0.5701422682329603
0.8865181222546686
0.6031250710025986
0.44494883705227145
0.8832505655592314
0.7355464772452764
0.9736487510737566
0.6321593957052304
0.1507054112110189
0.9822876810008553
0.6157172417452205
0.7399490867228227
0.6170113069645439
0.16697948214818925
0.37223811113416755
0.855683387971382
0.434400259153857
0.987617771055323
0.9991880168379667
0.4078899852055497
0.9851715682909618
0.3663879492504557
0.41955433777324475
0.717697150748716
0.7721478141628391
0.8871006756602151
0.5035539907662671
0.41775047943653765
0.715220125522925
0.8086168465184711
0.9300647674398281
0.1354531114398153
0.1602764832079054
0.641379334030915
0.21886631626236938
0.9970098914681477
0.992532102419201
0.9051556350796378
0.7574375059405001
0.8898842813853695
0.9912470755186057
0.9900061607255785
0.9070841584745462
0.9529612302683116
0.433299957474225
0.20777437395975837
0.9975217774061672
0.8082686795125785
0.6454588544135342
0.10781627629835056
0.8966434065995948
0.9857289791720237
0.4366649275230815
0.7261132103506842
0.3984551935634534
0.7875584914478522
0.7603207446499
0.947927409079165
0.5947397135273649
0.7005713250263811
0.15549472416129764
0.48874813761115343
0.9028933400315431
0.8143916505701062
0.9009723416949608
0.34192598517356443
0.9184748222859056
0.4125533392587094
0.9691990354992607
0.6876232781675381
0.2951439481686991
0.9990712781496895
0.8238504104678775
0.8457415626831923
0.7484013496707497
0.9302686852880182
0.9089946289431877
0.5809116376193896
0.11304514260669846
0.5431903859769983
0.649057836836946
0.14410701792128952
0.726152336555635
0.8462662213141618
0.9984669807377885
0.930529539192096
0.3172678888231816
0.6890164716161171
0.6068302477295625
0.9786308150043099
0.9907444501330176
0.9992809674692859
0.8589507990464607
0.8269323100311317
0.6427601522915164
0.45028111471747867
0.7861283312821421
0.8736549239491808
0.2545769297830473
0.999494823441794
0.9959342052999495
0.9965601634098584
0.9818051421512134
0.12832813317287822
0.5956740664643388
0.3086633997569674
0.2690065390372647
0.23372413420498137
0.6030521341977518
0.9690336908742466
0.9996140356261464
0.9987961082520214
0.48389679642981975
0.6082151222934329
0.46046149965210104
0.6320418888157232
0.9943345240069742
0.9030401968853026
0.8978418652450382
0.7966081507171784
0.7075893918407065
0.7665481408462274
0.8817176378646011
0.9753245117894581
0.9982532523224185
0.9967189430292553
0.9509066629181894
0.6514589249550272
0.7638289727469487
0.8301406347408717
0.9973301528853584
0.9431327126119303
0.7256553794753247
0.9977700992406284
0.9954635445502327
0.9987740012069523
0.4771285953929872
0.888245005428306
0.900784253568929
0.353324975346487
0.9874122107979694
0.997170747405401
0.9976002036393842
0.9961661603696393
0.865426399615533
0.17175531961994492
0.982742567872796
0.6175006677578282
0.9216978949803377
0.3859113839060244
0.9949015361054484
0.10018477560961954
0.17080901652273003
0.3543846518093085
0.08635664525468198
0.47320053393572237
0.6169281344341511
0.918860082428886
0.7471232579686984
0.46572552286022406
0.27720714111029593
0.9261031254423788
0.05513600986360484
0.9967273859483602
0.09835615209517723
0.31504607100875914
0.45211295942860824
0.06843728705504645
0.128112355768879
0.853062344088025
0.9394539234862079
0.059066736343795154
0.9503847673039028
0.8028599473519833
0.9976641382428292
0.6122768559923679
0.9959999193599871
