0.6571456595509204
0.16144148124723506
0.8500038122182406
0.7160871313808183
0.8786118747960815
0.08262510426407095
0.3484940181411586
0.5625767797527949
0.6295364290488735
0.8289109335521225
0.11046087095145143
0.41435343410915654
0.3236404225998594
0.7673567909222118
0.19681654586332928
0.8814673230416904
0.6117898677934493
0.1660091842080932
0.3987386863777192
0.06350775273499185
0.7599742923693263
0.48516524932378713
0.25853087358644633
0.052998098094932625
0.9505602480776685
0.34241951650110697
0.07267019147709496
0.3576232225587265
0.13456273285796727
0.2139521606307321
0.966002155402114
0.8764948396685242
0.14152346880493064
0.36169930450273396
0.9790629434005457
0.2593451244181216
0.9904266638441527
0.9567710318197709
0.06100197908851447
0.9645925010752129
0.790389706926655
0.7568846585744078
0.877726536982377
0.09390520993433102
0.5067988369769921
0.9567463212590497
0.9279347747693806
0.9112984628509009
0.9929695730040154
0.5526503758503405
0.8271088516676673
0.7340638133702452
0.206587947751765
0.1534373859027314
0.7774889713224841
0.8938906325413477
0.6081638860836095
0.43272757228511505
0.3022768450392508
0.9425157986179343
0.44814031217070593
0.9906667332140234
0.6538029487022321
0.9916344973681691
0.06785487552848055
0.5778747310542673
0.13382331538349584
0.6773588972153697
0.055403796503527884
0.3825703845182555
0.8715253899919069
0.9454446850257756
0.7094419311774244
0.7763158081387679
0.08972268176222921
0.35851640224718223
0.08491222945673677
0.02739534247088831
0.9798522387245756
0.09914989546933181
0.04058450337542361
0.11345485688026123
0.8503243692665334
0.7579678555874955
0.7883029461212412
0.3662252757621434
0.12060357258647988
0.9923494243555667
0.09603906355293115
0.1297623450889489
0.41351068610469083
0.11697663222398783
0.4206476612878788
0.9401888440264786
0.5580071136077344
0.9372569276125254
0.24088000720399727
0.28121459233675716
0.9955485679142663
0.14878903726901974
0.6841234337946628
0.3585708519642864
0.08711785841568848
0.1718521999356961
0.16327282199235582
0.09644908838108414
0.36096957379024025
0.7757241056417459
0.8123787475011975
0.7258734467072963
0.9564800630319077
0.9257955441584451
0.8756902009018203
0.4423854805928806
0.25301475281332436
0.038455960169601
0.8503260607111094
0.04308941156895138
0.029638496766438517
0.13114552196576817
0.014311908262979234
0.7237261249579814
0.1793703237756433
0.8884786277044276
0.7415874198414116
0.5371406724481639
0.5097650549664363
0.29637703748937755
0.8204167110552905
0.13337421788880438
0.5862253022179547
0.1633349147246438
0.06819284973641299
0.5444518225533552
0.1577023262584668
0.7278611373896798
0.35472645405668307
0.07285437333121206
0.36854686694202693
0.19689884379087091
0.07003770390132014
0.08857140296313558
0.06541644259114827
0.9896843524169693
0.1804415329249088
0.5790923011545891
0.2133677334438695
0.7657903721406625
0.8046550319219149
0.5801081541714618
0.5599034763909416
0.17085288321197978
0.7135673052234981
0.7940792798796036
0.4413660099324438
0.985263098699168
0.1750991706625089
0.1357989729857342
0.4731667170340418
0.06707896115973094
0.8457661582679997
0.5465091177540357
0.24793660186972
0.07994986680915599
0.9615082871475915
0.25595015787865416
0.8833476927824938
0.9210133554147342
0.9924673788331208
0.5026456141027679
0.31650194751795063
0.17450528699039494
0.4025754719582672
0.27709609532877116
0.04800522367387089
0.1117755981846403
0.040676673293834585
0.09104245392219465
0.41113003385324726
0.8844095740834478
0.8095169474011268
0.9666387886336594
0.972031046126794
0.1021323096400422
0.663916458625099
0.9854238813104215
0.9084702637300193
0.9785559709493165
0.04976129767265232
0.0543549961852132
0.6961859941877723
0.010641063353833313
0.6430145708338436
0.8153231789098925
0.10926776246333739
0.7555978811676544
0.05931110958858921
0.14336081381466775
0.6740847317559713
0.9941389794538738
0.030436450752220456
0.16457281590812745
0.025995245908345115
0.08526369430179476
0.9907629081437694
0.1810041788684012
0.07357104334162505
0.03920023383087537
0.07608253260427174
0.11903092964163674
0.12305955640333881
0.2892778170332936
0.6405042682347082
0.05149588365085768
0.125760631623501
0.062347746264342085
0.0990994779554003
0.19331008358806606
0.9558070644878843
0.04278670069430649
0.1570617416919591
0.3097426277409937
0.2141224427597242
0.7524377000484448
0.19856293767122113
0.9738342831965555
0.8906511677790335
0.4632059679962969
0.7283082825152755
0.7944376332679036
0.3201868257065676
0.31258680574018577
0.36348176649026276
0.1672133772242326
0.4856103885776215
0.28162588726468835
0.070129906292075
0.9815830419004368
0.15093132199261905
0.045178256510050224
0.07100314669681197
0.022766094803082726
0.1610805259376474
0.19349260757245326
0.38455537650831045
0.18946170545147623
0.9615917580025315
0.4482528866447212
0.32698659946039627
0.3366199804175752
0.9133987225778715
0.5796612827348283
0.043815749937613425
0.5348460248890827
0.3377301437925493
0.2413775061993376
0.10065205319663605
0.02244916060846931
0.07734217640255116
0.6384641335645188
0.1526911497900457
0.4726158333220397
0.2920475308937184
0.9945899838751139
0.703495532056599
0.05622267076942524
0.9748223981951092
0.14369701041446836
0.9751127292519541
0.1252491177585721
0.3224429504852067
0.04617471550660778
0.12647242095161296
0.06763410439614714
0.2433985516744659
0.16972214737791366
0.03157136335871495
0.11193575762506262
0.026319302639812463
0.7411236820663653
0.9807607098272131
0.8879294923836913
0.9768631689709845
0.9895169174080287
0.920479764801657
0.4470027506341332
0.733629740694375
0.032742445158386264
0.40947233751450196
0.9824159883685221
0.9024471582301958
0.5586384510223892
0.9699015965458379
0.0924971148346193
0.14788968243134581
0.4078026641114034
0.9967972942374429
0.15262995186150244
0.21839721801839812
0.2620870658359102
0.15010133192516298
0.29015457483234125
0.12071438243592271
0.18166613658547287
0.8153386952368676
0.2729219013102064
0.4958112372028035
0.7966298390997354
0.8128431982140583
0.9459516116876066
0.1433234554336885
0.09906135662915486
0.7112701602524473
0.21295118807051774
0.8951336364015057
0.06742703351672459
0.0674706946491069
0.4057208387891228
0.9974922044183636
0.3829126497835589
0.3643517890026418
0.16128252488564382
0.5089399744572158
0.8095506719781018
0.13604202588505915
0.9668908415080879
0.35946144606534486
0.18436870123336632
0.47462197227677433
0.7630739028740875
0.19163956502793048
0.0513538995419448
0.6488627163697297
0.658573125767828
0.6789104484600523
0.09179766491224878
0.8079684121498079
0.29390958107339427
0.17522267797900273
0.10367661035930106
0.9390717259129767
0.4723233403478839
0.9759274519881475
0.9960561164955667
0.3075240967543582
0.1820414321147003
0.13350496200178985
0.049278389669578426
0.030586114680336174
0.04740235453363493
0.19719626576738525
0.23271804997948994
0.20634683721329644
0.19140855924258518
0.5369103300008153
0.19603573465390803
0.022360054561819578
0.9081278934525303
0.5386377441110891
0.9576763166311085
0.24695603567696311
0.06831755044731856
0.9909192788894816
0.08844907515686215
0.9917337450887056
0.9890622586230302
0.9102858643211134
0.8252655608088054
0.11095383308638564
0.14037132410642145
0.9360694212946098
0.9210458862819711
0.9260210177194474
0.2896031266540845
0.9172593922398066
0.4348177056111131
0.7295660433999691
0.966637995957834
0.14922054750208635
0.33257702323755056
0.20709114949380475
0.5840562911313945
0.02071604837854187
0.398994980369856
0.9469538099483489
0.1635044665903994
0.9895591688702576
0.8856499978199157
0.18690371443852113
0.7293015589144698
0.9618977841146622
0.0408786762270228
0.049949905150360845
0.13284874128995947
0.929312285546196
0.9771413444704875
0.9685671082116241
0.3316417297389999
0.8720628105341475
0.6421038295804372
0.40254988873146585
0.06636642756948771
0.1644785358654981
0.8373719911510907
0.14386448684723654
0.9224774718295654
0.5209226204611992
0.7269032577995299
0.9872933692142375
0.8850684736886922
0.16020059517248983
0.08074856227019893
0.9873270566142517
0.9164230213535682
0.19474277523167752
0.8316649978653784
0.21785125854390633
0.9639257563606679
0.9754621676109072
0.6614108460250495
0.5132547256853467
0.10903885624244129
0.6012139705756762
0.9906284181557728
0.026677616602473312
0.3666527051380262
0.10933508328045952
0.39841400133021593
0.9811907918460141
0.36980145676691734
0.03611158190569206
0.5607342241159599
0.05659376094982251
0.1390736783347519
0.3069559804920956
0.0829657846714049
0.6733438778968698
0.7374240377719625
0.6829683806794704
0.6074492300163857
0.02905094951603041
0.011916502839745786
0.09112267652165053
0.09190253486595187
0.3148277861422173
0.09837998025838487
0.9067659570390656
0.051541115622648674
0.5809499080702821
0.5244108744857292
0.07947348862900247
0.06881254304582102
0.25344759390340665
0.7803971260576956
0.8646410446567494
0.6998360259405224
0.6209103619966451
0.04561796278342597
0.3939754060858323
0.31915717925038417
0.20100151652289364
0.47954597204112454
0.7082254784136082
0.458976037882483
0.6809914243253145
0.375417172091737
0.17577837362043605
0.13724963352896924
0.12074969428662151
0.7587411839908329
0.41829964915517875
0.514563165757734
0.8053667187434024
0.9539047012217705
0.8757552523360271
0.8568846668330549
0.6790532057743603
0.592480443794983
0.08126805542969573
0.06309781974852484
0.021103281652078736
0.8612437107274233
0.09275118100277084
0.03637725009097289
0.08711538558524937
0.32994433571410414
0.36847967396927095
0.32991231695631784
0.07579795750743545
0.1596181621417842
0.17872781746946304
0.9912202533450366
0.19821870747723336
0.25176726481783573
0.14463182206205527
0.42561702973083726
0.11090246254845773
0.22741273003135132
0.1153916179093575
0.2696418216164051
0.546479345929543
0.9461280395759182
0.39438855454585026
0.8381188114207913
0.1774173185990441
0.16417418622743515
0.6079417263737236
0.11072632586023494
0.3752443426684629
0.5946672495324139
0.7248285952335525
0.6150957758388063
0.07174656219924781
0.10584514663503992
0.2287915517395208
0.10040258411401745
0.9268326491757668
0.10908782214659012
0.061612428161526886
0.16154425885953982
0.6305700444210559
0.3151613912901153
0.9898799338359083
0.9950689514514754
0.3101093681166083
0.2299136493649094
0.14270755236358906
0.7039594510563839
0.25939193719053655
0.9637248899208075
0.38868490385134946
0.09417267094679971
0.9010767978220916
0.7788820769461033
0.2588438204334866
0.8425585231274539
0.860282571484628
0.8014902998070669
0.15341459470229893
0.07637949552189174
0.7276307485218899
0.1439632798550311
0.30215377496985546
0.4285545334575879
0.8511791946322718
0.6262674483981931
0.5325816985890601
0.2493492456106971
0.334549909232859
0.7418726021059352
0.145271262274114
0.9561340269860332
0.04546426444160487
0.19095708357409255
0.14376207473091587
0.5397533332076112
0.04958776467237337
0.9606176862597134
0.9759495302272911
0.0783776772923164
0.8378599709260959
0.12375884938478386
0.9630061887286
0.03474352275565578
0.11133540515454926
0.11841667104825
0.9847320194042791
0.05961408394556622
0.8929194038492017
0.5533655144832715
0.1016521032480752
0.9909059879180222
0.058932959625766085
0.8799536312282898
0.08697813915056475
0.9672720229701338
0.9933795004969382
0.5467016313944602
0.2147358127826574
0.06718002005604772
0.051850176146733026
0.9926384377877567
0.13592957193872238
0.14179603384069284
0.3386187279066985
0.1906198885963679
0.7869790366372619
0.12460621455931035
0.9909685327881672
0.02875902197068456
0.0706979876907588
0.8220724923014555
0.2668641413345962
0.23675042937013535
0.5229552497874491
0.03648097860741607
0.12230163536913448
0.31155118337640575
0.25859255289641
0.7966376761977497
0.09318524570440487
0.3323277997231078
0.3012965596223886
0.07251835437113316
0.07977495862529038
0.07664411925367456
0.4197927099260175
0.17664487878684731
0.14970604442271598
0.07286806191126173
0.419817021279903
0.03418770702229844
0.7464162212016712
0.8321485202722734
0.6489992532726171
0.35127601579201906
0.02030581378977862
0.03273991101217903
0.3868145376426982
0.03382173001314333
0.018740626699144183
0.07162329950334702
0.9839519754720489
0.19065290302245294
0.953151650624403
0.5281584651291226
0.3748456995855725
0.2742477020627305
0.2587855747007117
0.024049919205548703
0.1920473005000781
0.6498766249354035
0.5465388891301407
0.5631495803192473
0.28420933448324043
0.984573527432491
0.6736943551909726
0.4767874686253283
0.4487354267010489
0.11259949997562556
0.11449305628067244
0.9899761518951119
0.4540357914984916
0.9925415845383216
0.23603945476533464
0.9762995910493982
0.22012148876728901
0.29708710116691545
0.8666914885076722
0.7036666554182716
0.9095387271712202
0.5641855125542485
0.03422822673985051
0.9108478534477394
0.8786285279918218
0.7239606121930829
0.08799059443633009
0.221220248218126
0.8439822876967924
0.5003352100014474
0.8829357241936817
0.3800996518880391
0.21367104888238395
0.39279865481984644
0.14389219753330904
0.05559067187617283
0.6017485699604952
0.1581057376685379
0.5864441133037791
0.18174546315953113
0.6718426999227806
0.2082597606435158
0.37330117565064286
0.24810763793746238
0.38548535076041457
0.8485424076807193
0.31823916804465646
0.47429787281899594
0.21170807160004476
0.29796621564837383
0.24376779510417093
0.8815853710368309
0.13229406890492876
0.1635629708475794
0.16671151276339172
0.12447250585209439
0.8368625821095159
0.8790239963804033
0.9851995659054092
0.9587173001890257
0.19819638348052784
0.23861561014095847
0.8314445513566319
0.49260909899095173
0.23941101617887656
0.2700087983816994
0.0990994779554003
0.0335342250384116
0.04043677103837886
0.9908528230253528
0.3896140856531352
0.9883914023335809
0.776321970716996
0.17232552465153295
0.11679854305166557
0.23512499603975895
0.7967621945269673
0.38110058038561795
0.9832171306401102
0.05553674301266884
0.9344331880695003
0.46860064625251363
0.8061526363399062
0.899699632083591
0.9102605011276339
0.9694909095555301
0.710001073231442
0.3628189569575564
0.2688929006052498
0.5542266998328746
0.08260652018496398
0.9717599667740596
0.19306865713435659
0.04610040588457698
0.03690722689485209
0.9626383866396884
0.7596065771077948
0.8874406794822686
0.5146145980492108
0.31362191610126205
0.10879033744285505
0.017465236164122818
0.030374299226541914
0.8286259713698094
0.15925331440124704
0.14041959369817808
0.7043820950943266
0.249881468916522
0.14652430939363964
0.2377460876568374
0.06236775151513444
0.4313080805771498
0.7861385249108143
0.6186887723153831
0.22121908580789498
0.7843064675715501
0.2300456220903311
0.21799445541453483
0.9790275230506331
0.3004849040097503
0.9239923548362269
0.22890853681355425
0.2904853744089307
0.9638900307967114
0.5368903856722138
0.1278212697750868
0.17859621049928265
0.4337083443919255
0.035281481368091804
0.7446754863145245
0.27565764964028716
0.17066843504971857
0.975372251042115
0.12736243890453633
0.9933467098241062
0.9502114547055996
0.5328225371951224
0.9720800414480197
0.3356435596442926
0.7146029322767229
0.1520130765361645
0.3673272995437268
0.7032511740993749
0.7751515954176087
0.24947198996497566
0.9942490102652841
0.2916000336671998
0.16480551491788595
0.04447757090009191
0.06147359076786508
0.1837548866060748
0.3310514405901007
0.1534097965243837
0.9617928668396307
0.09252794966918775
0.04067541071795127
0.03762673140082822
0.2506348416646072
0.1716963844786758
0.3910295827607951
0.17282727849683635
0.5834554714997406
0.38188029946443525
0.9911561540219815
0.3223886547216159
0.15286273479371384
0.6706206123214111
0.8101411845407333
0.13893481467411214
0.1162519872990991
0.1326392418594475
0.9752555104065004
0.24032479009267163
0.3800834865113933
0.440074991325938
0.043272279464841794
0.14584671832305107
0.05683318151337931
0.2881180000861096
0.06747443699186019
0.4610196079034769
0.022492439408661975
0.03770890959454915
0.2619490836526671
0.10665902178846079
0.16405482176374686
0.3704587828524668
0.7372874067384807
0.24069917437171934
0.10536942938721552
0.21107631561032061
0.23327409582660028
0.2153781471227608
0.2538734783702315
0.058464565430303005
0.9508817812382118
0.04848211719277956
0.4197747404782438
0.15661861002419333
0.13262955353827718
0.3031593816175184
0.5591739428077297
0.04082691471937645
0.8203444998612245
0.818225903840476
0.9126716735900207
0.7565198945170494
0.7129245311600568
0.05035347144471123
0.8889265918070133
0.5597122464143381
0.08713145893356519
0.08004289743763161
0.07625773312279129
0.03228118318810174
0.7486137734705777
0.9850309183375603
0.145294138952996
0.9768631689709845
0.6543326143359643
0.21367104888238395
0.06322280734471139
0.9906667332140234
0.25396734463901305
0.17520605240496986
0.1858061653253861
0.905638423656787
0.04155651480500467
0.04364301383281503
0.9550284914424387
0.14500515271930026
0.9166578315478809
0.6441873195418462
0.8200616453927289
0.05293782809436469
0.032518162086481374
0.7793233612899857
0.496908342417598
0.26532535475818797
0.0891582349575593
0.7849988489393258
0.4363070964978708
0.11369551861714719
0.30677178402025956
0.21238282895075342
0.8989176175238958
0.4535919386302485
0.5512876312288744
0.1392873903419214
0.20754626992584277
0.23801136422061892
0.9361226462570011
0.446643936990001
0.07737073988481508
0.4616948164314664
0.15781485804776457
0.8138450808555155
0.07903051367174288
0.05261636049842323
0.12336605666115348
0.10216669379827321
0.02891260599670758
0.20649899750159134
0.9853525113327855
0.09208512005480927
0.11930875195357972
0.6719869162158523
0.5252215465799871
0.08183328391532044
0.15919947921418007
0.010614190734762812
0.12527949603219796
0.044109496648463066
0.04986691982979301
0.2310594561776313
0.0821790432037645
0.15038003251030238
0.030118064481523495
0.363450260681425
0.04348161325399693
0.018072412583203783
0.19296501210892122
0.08836504808682097
0.03408640451139503
0.21210618077433643
0.14429817890181004
0.5944115865293652
0.10912944230646994
0.2458612632172039
0.0913583906526721
0.8637933554153046
0.8263446803021867
0.3248626644904702
0.39593016983813556
0.294923631808319
0.15451909321539375
0.16414434572764056
0.07516281293783061
0.10663818838400717
0.008645216336440402
0.14743024281535821
0.9436580600933726
0.21052498271954348
0.24212583897017298
0.043611491200966995
0.4324639222462716
0.1732017345653491
0.07874631772729034
0.2089695069837543
0.6196172932519775
0.10994699603306449
0.1114784775759089
0.2711082112995989
0.786283890606892
0.06225146847212122
0.16639674509250388
0.04833742415214907
0.990413369140773
0.11354403918233119
0.4085563646367305
0.06765655670233649
0.04843179024549763
0.10422262561038509
0.14328368613053885
0.041824059147964734
0.12571932615525447
0.09358100858594237
0.12540100490788345
0.08363584259461254
0.15204188394954715
0.9151873149980596
0.8462391897976792
0.7521193372795145
0.2428439910445655
0.30882716880553973
0.0707278826757528
0.49314229483807337
0.04687612653431322
0.12074117078859191
0.17728919099986912
0.14671683675796215
0.10632566360522877
0.8047399979869632
0.2750094626375369
0.05983565471703326
0.7006161515064014
0.060124790092566466
0.1104963483510098
0.1779119622224808
0.12550306714727807
0.7880002715062658
0.47582120075363293
0.02667253453621819
0.7186371968457432
0.5894767446768469
0.902501392174858
0.13270584790392065
0.34645107594058766
0.7109310909102282
0.30213027895443995
0.14622706183629153
0.9692962152872974
0.009113932496422261
0.9838122529878107
0.08231411008873238
0.029960757312629437
0.3477847997815012
0.40950420853581293
0.1297720461351785
0.9716113691626451
0.9489052707715369
0.23646306721283253
0.13840463641741052
0.48670286363402393
0.9956226433062276
0.9908113845654076
0.33072477886296586
0.9802274823391224
0.3868188343479616
0.46541063282085926
0.1148300600475937
0.9901146027723414
0.18704898855137428
0.3231165437999933
0.9273262586075917
0.9897445938166461
0.944830885684045
0.8319025035988112
0.6619215833060402
0.4963537586230914
0.13307517182809453
0.7538139741539328
0.9515182770465278
0.098172081567129
0.11836913195302223
0.35971070024252894
0.18373359510461396
0.6835325852411026
0.06046019001230387
0.2728583690157765
0.1314630077834848
0.9035389177049782
0.07273117230143208
0.25000991664352784
0.5597920921153062
0.6017485699604952
0.20884791966309416
0.3877209436153016
0.7622518046204264
0.15999371181311137
0.446154638113868
0.9356000050693689
0.9745801560720154
0.06082431687427916
0.27423863182993713
0.13193915000031894
0.3690074050992973
0.08254333314635104
0.03847997287395824
0.7645575528511743
0.334108101059512
0.13871986043903553
0.3058248704199607
0.7746027011614014
0.8917360446095972
0.14135822472935602
0.4739809251050535
0.792418266066423
0.40964762198599464
0.9926853003430488
0.9920892715394628
0.9019803500153516
0.8678335337751124
0.1358388790506689
0.9956912577175446
0.32153303310274384
0.8143979972789727
0.04188589265880227
0.22299683501765794
0.8421975241205946
0.619377316516152
0.20676700747213353
0.6547297678360113
0.14893448621375252
0.9544738686845174
0.9932397455093986
0.9364790512481826
0.6892438443585566
0.9849195236273666
0.28779358744393424
0.6010952580406556
0.8080411099036385
0.8818746391924989
0.5901698678452592
0.04761381783210349
0.2394882354421018
0.053367216204602705
0.7443513255532189
0.21861020922540278
0.5766153570989969
0.44988451384985206
0.492312364517893
0.4403491660575042
0.7350117611061178
0.28223251387243814
0.9355556380344092
0.21147220666401823
0.2069600943542028
0.24315005274439794
0.812114528161396
0.3189440856110355
0.056691537909461465
0.49363356577041917
0.04828709393312086
0.6421038295804372
0.09872684441289811
0.02255735604026913
0.09525450899113429
0.7446754863145245
0.9024792057587743
0.8660854018382762
0.8541210931803314
0.08173289204897068
0.03162587537576898
0.5683022030238876
0.024266150152771716
0.5574870948410905
0.08082172024721586
0.20056613307280133
0.01725600282114022
0.03323528193935297
0.5155643440822024
0.23301863329805964
0.05024787238280413
0.2992718737914572
0.014727073278253233
0.16854436414368773
0.028879605360461726
0.24487514112830783
0.12511787876826652
0.1175876364217144
0.11044863723242548
0.02332857432368864
0.29125478861677384
0.37310329792761665
0.34844586900594654
0.09181247038467664
0.4271552976977954
0.09824097324988158
0.056134903894010865
0.1721804461693439
0.464741835711958
0.23957006175594633
0.25251424188716737
0.40440384502368165
0.30537918173734
0.12495503426007436
0.0923441676778622
0.35803500446937747
0.1629444173971278
0.1186092547768982
0.1520766923980909
0.028162355815177675
0.06533902771958752
0.31469544136627475
0.2144093258806685
0.14687565901465718
0.10134501094776355
0.06976356601685177
0.0535065611892549
0.07415441058695985
0.530691949940851
0.6223944645026755
0.31987842879448214
0.23213179068640055
0.07098944658177402
0.20328612677024613
0.055304708554980174
0.08891734387288017
0.496908342417598
0.07274859508555417
0.19200134573672253
0.07237770907232459
0.17109680664369828
0.02507492303128868
0.9820176377116988
0.12391935119533685
0.0957003968903128
0.05794470755200167
0.5362919624557576
0.03446373304088561
0.32915476431017
0.3619004517753761
0.10419686164774797
0.061613678909379986
0.42034334390417705
0.23536750436684828
0.2105086274608063
0.7076375050444441
0.08363336586022409
0.4382825253309333
0.08611613530978178
0.3093925481687046
0.2505098713632122
0.22150269518165144
0.161954125784601
0.23219192725812438
0.4864277550625161
0.7089565387556568
0.2163605110993859
0.6284423064159701
0.99236895379058
0.7670506903704604
0.7969833462997694
0.2651431758038296
0.24200612340071778
0.2960527738177633
0.30263258884027944
0.1062227045303331
0.9576484318403202
0.3346942202745929
0.40914191199694133
0.09012647517269204
0.049508538585760986
0.06000964112192214
0.2389003765729883
0.06616672733276636
0.09478512061058796
0.1385954671299632
0.07462323185124892
0.05460218628898191
0.034018022718379434
0.024979564073342602
0.05378899044756267
0.20828782755982242
0.839645566137143
0.08434283666862638
0.07460458038260141
0.8992954964445614
0.10573726103231974
0.2266093589154325
0.2673942627902627
0.12277491057954462
0.049128717219333005
0.027298812220953143
0.06136976974359091
0.18161522396514365
0.05154614134051263
0.06687682954289575
0.17926601840111447
0.07228684496903554
0.05841571649663624
0.07830071429393604
0.1584875328301038
0.7451678886757839
0.13139515209679165
0.2381416836532162
0.30972367588598404
0.4591740603091347
0.3104927605314903
0.1561190802556133
0.21566020044181744
0.030631772866422928
0.01909250669931233
0.5112667153249919
0.16840022331803295
0.17626389669372824
0.07999452199955999
0.06763535175245848
0.022670637418192797
0.1369136496732533
0.18024960751982153
0.2499995952380567
0.047548367052762545
0.3547220900412265
0.6205730812600772
0.03151811777896874
0.14739656279742788
0.07395416752260303
0.5682668695690595
0.035249840332030005
0.19461684960216893
0.11455166935223171
0.13746714943516974
0.40465623684452073
0.2360914008740065
0.19375400207465363
0.08255572290423822
0.11367353031606059
0.07159715198869028
0.01634612099887268
0.053998592522983
0.07980969326685743
0.08066796169463286
0.16966857155425902
0.35502427639908724
0.1791960835684628
0.057085109323915285
0.0486192523489159
0.06682317422778986
0.08742323167036624
0.54834021507567
0.3458770263548112
0.15379481661911598
0.16931970099333435
0.05184012607355986
0.06072797296638358
0.5509381341221762
0.08898405480750325
0.05981312310622506
0.10917595802204948
0.2016831662902797
0.25076897591913566
0.10597509271392555
0.24934121535915504
0.2982700077045055
0.20661135509976883
0.6985436681133119
0.7148321860870209
0.12996484549497936
0.033240349104918084
0.03896143623348992
0.08291375688189048
0.07698323859184626
0.130647388250686
0.12111617331705596
0.10167912531779613
0.3478384374163801
0.13061587232187963
0.14838629730722144
0.22913669718277588
0.0561286346988198
0.06286782417124231
0.2812078120781208
0.023138975978442854
0.0961498886035629
0.12657078999126148
0.05648845787297144
0.024788833964551216
0.08173661034760092
0.07099691938230171
0.14255204245343964
0.06447229611639275
0.4717485296882134
0.12773388084283965
0.1773935918389191
0.3896280309099972
0.6856020645701283
0.08608892167171488
0.02672208418964654
0.10192108087187517
0.10376619070108625
0.12772902579973
0.15926647391053794
0.031856585929915686
0.032132900181891834
0.05833930959954269
0.06722618122868046
0.19908681372785955
0.6681405336283988
0.03828786400134844
0.09133370972613365
0.06130722461363646
0.2998779164514382
0.41441914324202134
0.2967191992256356
0.05954272593892412
0.12409929377130127
0.05768410649373507
0.052410395894775974
0.16664117092583108
0.10999838893909132
0.07845587888506345
0.05604587966449416
0.2330348173522167
0.10226124746117844
0.1774173185990441
0.10869851303561333
0.2080106506737606
0.05832302582264088
0.037407996228188904
0.31088053961178175
0.7661276614508619
0.7899964878633418
0.27493919265660294
0.4841415662765802
0.6349332828134348
0.18894610197243722
0.6145456608726114
0.9613977815772504
0.09075239401148588
0.2514429583336593
0.0931359244761428
0.3962777024053545
0.6722241516372794
0.1582673206189023
0.11712055673421776
0.587365768698479
0.048553831126546564
0.18493505347803826
0.9149384393714874
0.01472962790196993
0.13744539882058682
0.018994342837048445
0.34537405482259753
0.319554452094881
0.7877307970795873
0.17907043224933328
0.10192599339925885
0.0636264691790343
0.15169737028461092
0.025968556791082616
0.03697804958289872
0.46003124242505855
0.4676665744137051
0.08305744969943757
0.09042525938798462
0.1634638708719962
0.5479921792901742
0.36504016161785885
0.03912442783960221
0.17882740660505636
0.06817164991763836
0.5285310330585077
0.10407785275809925
0.13529585211772677
0.18462883972136132
0.03144712169869697
0.32856377053339825
0.042594962537986995
0.3233336427160265
0.1989505712476348
0.09339361570867044
0.06606811870663191
0.057868284448731454
0.04497790309039933
0.048928718990163565
0.0300216517236946
0.12443846960359913
0.35956158672115396
0.4410961565917371
0.045362212962232314
0.8406907521239677
0.332847165502642
0.3453039140402613
0.05888537328061894
0.6752145158258694
0.5731966124277468
0.04716317540699635
0.0764117987067956
0.2850780523260481
0.1047108569502219
0.2107212360966093
0.13086313893771997
0.04771324898770547
0.20238101734873745
0.11298567382172456
0.03612296833368147
0.25539543140409093
0.09024994463313821
0.42194895108643166
0.016452058916381976
0.1434391438237659
0.755426956218452
0.22934630527446068
0.11285492003696901
0.7120975263433584
0.14865199382909786
0.2586530882526001
0.3770378231387967
0.26467399283947546
0.3115612079829782
0.0792700041540828
0.23457751870489316
0.44874167916554886
0.20911446747658607
0.08622127575860246
0.12337092139852056
0.4599441933624576
0.22884599113552495
0.5417618005133396
0.43808978291604406
0.43919780206180464
0.1128329233073056
0.0853045298979995
0.13536963431048402
0.06746695230003437
0.7194177903397123
0.02694440886511338
0.19973267354035962
0.39602427677524965
0.12916079609771478
0.14315593739643853
0.11017213699607564
0.2543301788680478
0.23009076878156853
0.07943750798157118
0.06551882585074466
0.1850402674781896
0.17609177996221317
0.2533525596364115
0.2802210521154757
0.5447617452369513
0.2840220055313631
0.11057464127247077
0.10194564339905098
0.33760364366927265
0.17046968943935467
0.45761942539677564
0.04934630494014083
0.037999669670324754
0.009531340477597695
0.2556585156446427
0.11863485007385731
0.2511873745251446
0.09479004909221911
0.8498938456429206
0.054972292660624256
0.3800166682754221
0.2938949787651784
0.3192370837652349
0.037569837032050454
0.05794470755200167
0.06304657279857387
0.2301671686996041
0.0819572181982969
0.579886682591038
0.3092431333450941
0.9307655769888399
0.1560783461435353
0.07383849091217709
0.041222039215730685
0.03918633625868301
0.052908948140141826
0.060182362338168656
0.02228876717095646
0.42406494167919206
0.11621660287681958
0.2725542951653589
0.12584445502882083
0.24353889473082546
0.17974957359814048
0.027188305372343825
0.10212125747499773
0.7377098521838005
0.23876549195478922
0.0219272033113287
0.164942735957855
0.0653764868659122
0.14968441567804017
0.045481902494982664
0.06106328176369244
0.08871472792312769
0.768646108446648
0.26250323865823905
0.06532279522631636
0.12910863788039245
0.21842748035573753
0.07896970625832625
0.08206255687217884
0.4701396301841914
0.0451102139733063
0.029356797918127904
0.2515277641032419
0.10060658557071586
0.18930715533957998
0.05456830906786213
0.14392593180572963
0.09730952283780378
0.09919785252031843
0.039401107248090865
0.07049867747746227
0.07076026845411097
0.03074337783861642
0.3505939841779855
0.3158673467896811
0.5720929310391696
0.06850209462134328
0.08043854396355252
0.044482612590924384
0.7250502787350971
0.18896852207987155
0.024505251815487992
0.46566279549598905
0.31986400624233646
0.08049807085233252
0.09415048647572041
0.0389904976249019
0.3784695435908762
0.2726064900555601
0.4079525758983863
0.013482625641002272
0.029837694792644073
0.12282357060871935
0.3104938749420451
0.8703020185269004
0.30169051928423496
0.28668029196299233
0.026595031595020233
0.5834554714997406
0.03343035951489934
0.12238559139486083
0.20036073290968465
0.07958266769800383
0.2439610184660749
0.03721832409655589
0.2844068017994026
0.07380988178559536
0.23356304371675737
0.1091441315862838
0.1602579928403901
0.38083127178746035
0.41060451651012286
0.770845971021987
0.18047233417950367
0.14588523714582388
0.07426633980867345
0.2693986502367122
0.4224134962676492
0.7415954916327178
0.05529467408598516
0.07344414993405135
0.9903093541612118
0.34979034194829023
0.5362600414745615
0.9032654239396827
0.3610816058057331
0.5023534082031201
0.17389460453628547
0.3307600961122301
0.10922492086847578
0.3749667050884054
0.2691179457093215
0.6667668174891811
0.411499407621692
0.353811992091969
0.3783724726572538
0.16425893100721053
0.31748069999705236
0.3582996781833108
0.21203146797173372
0.2035088284027801
0.04157923208160694
0.048868338634183675
0.02909029335696623
0.05642076040220741
0.08617056157922615
0.0889037543610338
0.5873473009652205
0.034411822495847004
0.047602489950302765
0.0512973546743013
0.18028041151157276
0.07618815159939758
0.13800359594674985
0.05058350919122321
0.8406635457367104
0.08001064726324084
0.13442963199489102
0.5088499634207931
0.06214143159400272
0.161954125784601
0.6651138827260172
0.8628503614287555
0.12322497457302128
0.05459089393931269
0.06628779774840611
0.10987602289888665
0.22422993381107942
0.0359913882896725
0.13962059439030963
0.06394759656089052
0.9796319326664228
0.6541410499903061
0.9170262910648598
0.6060807443096861
0.6647907826407959
0.15047252438013714
0.03006732144321781
0.1750374143588758
0.14703086047835678
0.02468837623760126
0.06972742712834513
0.24927811946984457
0.20914953709215467
0.7979651501016474
0.21817372905201454
0.34320517121112115
0.09079312813211161
0.03761535264313417
0.3029905091625381
0.018698550391452348
0.09467669122459599
0.0946890130145473
0.03831567025688254
0.2724181285152679
0.059127051260362044
0.15395672058335763
0.1450159903952556
0.1424555966225296
0.5131003195088747
0.14738693983942594
0.03292996399966985
0.11890541063790963
0.05545647437360861
0.9160185538737265
0.42080719844146347
0.2721514434143406
0.4346477198019826
0.2210563421416181
0.16803327610553165
0.10645190445664783
0.0781281584798868
0.05080472524312381
0.11283903353211583
0.841484660367826
0.06093942359291645
0.012664542756186968
0.05304078835692904
0.22060757047615917
0.14890203150692197
0.4835475908808425
0.25795168589773454
0.3281085359283293
0.03477390504859725
0.8866649353247437
0.17490677021260237
0.09792602223843924
0.34665370822623637
0.12937911931018004
0.04058071548904966
0.09732921411068568
0.4663932692292918
0.03278299110669275
0.1838187598501422
0.0735548710569508
0.018703650592043267
0.034059811840724444
0.11488133868902493
0.2754763586269198
0.09766147777699515
0.6911210800287781
0.15011094288471385
0.038559592096876996
0.03193770925425062
0.30925539914248057
0.36224398784051437
0.8347732050744424
0.3038369714732848
0.3064200912682744
0.02492743279151333
0.06564118013069394
0.0654251828100676
0.0252007906330946
0.27230805406184566
0.07315301403633724
0.1730436387972215
0.2062906522267177
0.04591147195041284
0.3423119596490436
0.042017125447355044
0.07365687887445542
0.024029566981831826
0.09687257740628119
0.1458021800846456
0.45652455198292036
0.08719204204019101
0.32917906327333973
0.13468009688515714
0.2762229510658668
0.1114638039107291
0.05084997127120267
0.04171679286674688
0.25999470201242764
0.8226074884319738
0.06880880296223021
0.326988810765998
0.0776538709708215
0.1885425001580868
0.17101232895688714
0.22240093080555748
0.07112270773965287
0.1953346446847222
0.05664641061665285
0.05114027805514496
0.10890541861071344
0.2130200344863722
0.03484099781419836
0.990393817923414
0.6630034109072536
0.8639797130845249
0.05492462139952423
0.24136944579939498
0.06617421641630332
0.12859062708769492
0.02933141790021638
0.0744802332403459
0.06901075844187851
0.037614088333141615
0.11179516026977848
0.3730102996561366
0.17996879703176827
0.029602969138365746
0.46056381809046754
0.1148031993282157
0.3571230915804642
0.2441197245324071
0.2654096072235928
0.8613908219722094
0.3345642306228556
0.24517746256971834
0.17997235182305166
0.06795215752088973
0.04070697490055069
0.13975096472240164
0.05823158393461717
0.23844265648438567
0.018489432171270533
0.11970105502628875
0.048553831126546564
0.06619044267717643
0.4605669260965843
0.1129013568530102
0.2137923630393376
0.06765905138898308
0.04729032119444574
0.7206388632065636
0.12174062913502275
0.11902849244790051
0.22031686502205464
0.04133690252852907
0.14457160144539385
0.02498719293953789
0.09753227008846026
0.1153916179093575
0.2504135589598415
0.07887538940984865
0.14034598214285718
0.34805406861703553
0.13061344800083227
0.05213784023674489
0.06636143528281124
0.1733360474564985
0.08020538154192744
0.02353087967876289
0.15717191174601267
0.08211584393508656
0.08640062143479249
0.09348977983396271
0.05783570986772504
0.8666043183657424
0.044418330178121426
0.15762450831213382
0.017855582745650685
0.502100737415692
0.2529907034988885
0.04837517106958271
0.26463413027232463
0.3970591683143556
0.07819147188951037
0.04863812349801865
0.23635688344201336
0.6950244448540664
0.05820402536702631
0.06625160213146472
0.06964268535349188
0.10880502899164504
0.06332279235167555
0.17004595524559502
0.48293807144300016
0.13871744510252892
0.16484369903610896
0.03869733927909315
0.07471897358205568
0.1438114741176022
0.04366570985161114
0.056744185259223784
0.8018437480848833
0.2845907118608503
0.23908136217375564
0.03296923960075239
0.1620532947738071
0.3121091468056497
0.028493715617310608
0.15783042049570206
0.02811791685820045
0.03145726413400067
0.04710022926072534
0.03334549019618965
0.24322138410981028
0.060412636390466075
0.08468077662521595
0.02724292438229095
0.06255154131602605
0.7819416621302421
0.18149800197307558
0.1918870437400657
0.9883138889972743
0.5061973673867345
0.09139047544404495
0.036000244882272284
0.020215348225749292
0.03613815014730745
0.9843279151060059
0.15137081216655332
0.37337361794042306
0.03698563759473279
0.044738463418484
0.12401175598822733
0.07631240278419875
0.03738017865779697
0.18366971933987278
0.9954503157209872
0.6029889703453543
0.657372550416492
0.7860369373080677
0.8510490096978692
0.09025364861013195
0.02440096593372931
0.05600700881180325
0.05812635847302204
0.2995474712475691
0.05141169947653532
0.16935066106331056
0.032734842711139266
0.16655532694533148
0.19729265458193257
0.05586531252707043
0.05300814293620049
0.2547158368506299
0.07280708485790398
0.053005631730137746
0.02949003828459579
0.4290028434945854
0.20376666461174872
0.09337142339139173
0.027745864655676182
0.22172351251117448
0.9972452780086384
0.4861045310126306
0.04942679442873007
0.7995551242938317
0.375958250557924
0.14719086280415428
0.4218708126352094
0.9489997452298231
0.1413256569006532
0.024096983014019104
0.01694722037918941
0.04550709947179613
0.06635020259668313
0.04006550298716502
0.20932136992242456
0.1659078106945582
0.0945744177076291
0.17609415407929635
0.7212427576818536
0.09043390130411168
0.12318848634573755
0.4156057830872886
0.8892775987572696
0.07725524179496605
0.35931775753268974
0.03315040520707038
0.5077695142127209
0.03836875396412395
0.04114251499379299
0.10357475430263482
0.1070609452656529
0.020150363664238256
0.12801302768841805
0.38511878682328826
0.900983045773783
0.6582573562663823
0.10603270785557659
0.13459903168477316
0.05249956583924333
0.08236367384661124
0.2248636231495785
0.08810800423653681
0.3069950503906017
0.09589375114646576
0.18297051098827904
0.38370997169299226
0.4545928085759551
0.23099581637590008
0.0936833282322641
0.36693037837661946
0.3633133678013445
0.06306032209646667
0.12998667076569292
0.10752649637627908
0.10474029456891014
0.054823002930147795
0.020617955638475474
0.13394071917174055
0.12097372862270588
0.09034748061852725
0.16352476416458012
0.36899115255933707
0.1573179981973045
0.8029904699309891
0.08983999939517807
0.21928745025540228
0.013064673688696713
0.23812438507223274
0.0700115376588397
0.05880773021237358
0.6301659827093359
0.06515172249507098
0.10988336505366814
0.06006220987120798
0.32072474735949413
0.453328907260062
0.12792807372617948
0.10988214136291001
0.23030838559300326
0.07297010138601172
0.18765714382717555
0.06672459479862797
0.2760756927235864
0.1938481905139987
0.9853391781584918
0.4256107056842258
0.6102870682233421
0.11706689107284186
0.3039778290180909
0.13152116812291875
0.1906929912883597
0.4550925384940361
0.09562280410336947
0.9484184074302243
0.20353109729633442
0.05434997681205401
0.22407786684968517
0.10217037778333751
0.18244625193844458
0.3121470072007141
0.24241243831904502
0.15005567928730512
0.15250395070077497
0.15901882249438565
0.2622991531593876
0.03595343106619288
0.31610742854774826
0.45559837628188277
0.18611693827696116
0.2587090533654038
0.2077299287319653
0.031407819327015835
0.7752925373416703
0.13804950190679552
0.47907587675293156
0.05613615773092646
0.25819845975472966
0.11194920559564236
0.22627076286202558
0.4052098989405804
0.1670464993312121
0.09355758534789353
0.03805528901928155
0.045775429592284325
0.7045760041486997
0.43366425130626196
0.45144198069339075
0.4743235969048043
0.34891308730961335
0.036938844444041434
0.025837648414356866
0.040874888840381166
0.1292457021609842
0.8152197333903557
0.029243854626338463
0.1478860746446948
0.15344698212614608
0.48471898769029564
0.12138764480696573
0.09889656652456459
0.6757810147801815
0.11866653907481817
0.14862314147859512
0.13920287397296305
0.2646546311148639
0.15880584360565528
0.3524078681534447
0.306978306237539
0.024044831166971037
0.18529914300452754
0.5917183138853929
0.4062699569339599
0.08419179915726756
0.06582844401400917
0.42558119320712906
0.05828795266686033
0.045422688477408504
0.03151685001160388
0.4141912718824242
0.045949260019563884
0.0703379705566693
0.04321300668716129
0.020672735230804807
0.05888913013441762
0.02942024670220234
0.5290847481557305
0.13736081103539968
0.08886298532309689
0.1267990862647894
0.4903983405595265
0.27306370757866866
0.17720376838046095
0.150291140512995
0.13125579898783826
0.26713376905428093
0.16492483805397787
0.6098009304862182
0.6406045161053187
0.42860189481575306
0.0905647604654796
0.22089707385432794
0.20540086061040025
0.020955529487042764
0.05403749851801249
0.1476960560941513
0.2338958631791333
0.05811132585723516
0.05646087767091968
0.31104209304273933
0.056554899681115815
0.20959720881376767
0.07414694843754743
0.00790352288744546
0.8394788254537999
0.12020290557129658
0.02174003288606653
0.21328373080945998
0.059388735057343094
0.05060362065039724
0.19313107729968346
0.17923638527385002
0.034553624057046574
0.1320651346447122
0.10825402862526085
0.9573934648243915
0.11726813052693794
0.33750353812199263
0.24209245742092464
0.14938759951162647
0.19439911033983903
0.06821903746782386
0.7956342579743821
0.0447510661481417
0.3096166504283769
0.029657529192045912
0.062040142826228085
0.21423440171800698
0.2694918313587829
0.04409436900839832
0.5392464157066135
0.30842227683840606
0.07926255924489875
0.09198519354823362
0.3103055311415334
0.08072376240624121
0.034713140049257074
0.026298971048763345
0.040248619105235126
0.0900017639992944
0.08538991097623426
0.1745492399702409
0.04960662761057956
0.05169188221896861
0.810051279744501
0.17575462886443394
0.05835308808674157
0.20730175706271511
0.15361011144143674
0.05813387474275956
0.11448939291167833
0.15283033866245732
0.17169162657828674
0.04421286610656716
0.8461374729237188
0.09420348234156757
0.11505714206964292
0.027171792385798046
0.06488821969544441
0.8374895269640997
0.9117162590262423
0.7312198093786872
0.7442734111726547
0.059533962516827965
0.6709678650605315
0.25745348081412717
0.4948530683239922
0.431797817325582
0.27235004190070844
0.0801334434885684
0.09166194344732037
0.12069368212075207
0.021783325395753513
0.04521479701453024
0.9909231879795738
0.0768192752948366
0.04335803303347914
0.06957289557525509
0.5573716261427052
0.39507552409460356
0.09213199759540307
0.27399939038264226
0.7233068725024369
0.48340419118384
0.25692315235555424
0.09061413926268351
0.038804750903852325
0.22400124886312736
0.2614826145435776
0.4900400232195778
0.2573449114268305
0.04512029448027677
0.08103870000050503
0.046419038139619055
0.3346016861003435
0.11553320544609237
0.19155470863830973
0.72269820222019
0.2993973535403212
0.29543440236971985
0.8258904816769242
0.8217297725497815
0.7616840175954819
0.07610117161693924
0.05625652278060406
0.08063324054066112
0.17705189760953322
0.13381242192840784
0.06459845535381127
0.5034489601101069
0.061014489976066115
0.04325966836758516
0.11666801645461082
0.3554322126334321
0.10136466613938898
0.03299204447154587
0.032771587633123406
0.9825008324748029
0.19812471013554597
0.3667416514086014
0.4458728986107857
0.0382360423275507
0.7990873196862471
0.12897763035637572
0.8676425446612763
0.0342041682462352
0.01935892978963461
0.08430074528592564
0.18392166276712416
0.23155925191984983
0.6026717113354102
0.256181155827639
0.0302170100926281
0.12172967530469286
0.044728381183421984
0.18007188360385684
0.07238891123778296
0.03024238005653747
0.3698025398485385
0.03414212146112662
0.01301737758514299
0.01599763927951904
0.016363990396194003
0.040861001700984584
0.06039386494351694
0.057647770263542904
0.10642248976087222
0.27789757528008624
0.15466415933891303
0.31158459854503756
0.04920041032133359
0.9504898549365911
0.06825021293502548
0.05381032808927611
0.03352409202925471
0.40318830793353444
0.28998240346296
0.129598633437927
0.11932702850190999
0.19916785041951549
0.4997805593906866
0.42039723674906165
0.21245869668544473
0.17381380094599272
0.2245247503868966
0.4315466580561834
0.7988994689449467
0.7480597108790547
0.5433985171913706
0.4784321400639314
0.27699419048464285
0.042432224450848884
0.2029098257673171
0.28466178936423336
0.3221337781942971
0.5303668117494086
0.2787949169722462
0.14010944294162786
0.13443447216848034
0.046201164095764316
0.07174407211168764
0.7528977590663221
0.9283608557420618
0.13234130632095886
0.5326926278864681
0.04526015680684249
0.0810151432298206
0.3008611034163927
0.03126581790035886
0.8357734368002344
0.2807489639394678
0.9602096095307789
0.9176872088233614
0.18132393333499686
0.09409132679393917
0.07374395499888713
0.08491346710718485
0.07300992039288064
0.0747052964455752
0.2836224652878354
0.8826175471298999
0.26238238593207813
0.09516334952169068
0.17717410695906352
0.146387123257
0.11170223881200003
0.26847457135319075
0.12429624097875742
0.20128311922539036
0.18337042437264983
0.18080993452107866
0.030854977237154683
0.04902180216292106
0.06743451834336314
0.010514375332970184
0.2254240379354368
0.46799690342162187
0.42127200376641394
0.9153880222978796
0.41517146813405814
0.3947630991593257
0.16105303350245584
0.09667069163582706
0.10254365627135907
0.6963054171131479
0.05317638728191507
0.10484945562921115
0.05545647437360861
0.18537479026127454
0.025916448549175436
0.04912117044266039
0.02065235228320171
0.1374973582622892
0.6417541569843068
0.30418462653247164
0.0358269023258767
0.48384767282459695
0.016524808562725955
0.047815192776775366
0.021299420328182116
0.16088328988247466
0.15784119443277347
0.1934160671400537
0.489422260361614
0.1496748028335947
0.17234455061625809
0.06205264786254367
0.5991552627844304
0.4728619476620354
0.36030813500704795
0.08371757327103245
0.11761202427091673
0.285762620436884
0.07503352438887
0.17902420020795556
0.9600433290696522
0.19498636745683026
0.4812263306988889
0.16250726357910625
0.3141915649183011
0.2404330803105508
0.7867190439680757
0.6960491079191737
0.0864760659500972
0.5975875657990095
0.3384801865417771
0.9577894447073302
0.6700982181351565
0.19591341325543896
0.7958729674925812
0.9237365799296009
0.8791688410811456
0.0658883651162948
0.4690835103524173
0.028517835677714876
0.39966866719445965
0.34405742430775194
0.07832181731815534
0.02460190268353395
0.7000056457058978
0.015351592164080616
0.3464992713573008
0.39041846498910504
0.2991049292902675
0.3330786881420531
0.22625800648252042
0.041494672156903153
0.3771176890498602
0.8180485984856543
0.7147111944809288
0.14824201410964274
0.48911994670495385
0.4429697461458213
0.13543494761274918
0.2855720463817196
0.21667039248353165
0.13225894298447882
0.7069698794876061
0.07693852253458555
0.0832259052353776
0.03502960629733755
0.050535743747019565
0.4941878845420669
0.033095930380960266
0.06530406527872416
0.13835994579935293
0.09836767910730984
0.043590055556577315
0.0966583809290296
0.07934941495847116
0.13744902393807892
0.5738054771286082
0.10211020525440326
0.13674201205201117
0.15948060380345244
0.09078942506133703
0.12471196020404678
0.2170221583597745
0.10569435051325492
0.14794019081640775
0.4015401621741042
0.4428997267703962
0.03413199121003757
0.9301952445214262
0.08231163187164413
0.14522310005922498
0.9802432140765241
0.1822592393484077
0.8318230536653123
0.2116310096726545
0.99130232832722
0.6596671418926183
0.7986481017822421
0.5833824257514996
0.07590483279729218
0.2129908625462385
0.18260721182773743
0.3526426829162321
0.12179904863778185
0.3544711436974538
0.13303521520402461
0.05200217796566372
0.1291438144892079
0.13730763989146175
0.08626580432108782
0.20548634344657216
0.16497614498301497
0.1857695313430898
0.9869063094716576
0.0758899202761319
0.021389842114063234
0.07305471591940768
0.07650746306383732
0.9751269290007756
0.9673575991848232
0.12778607187531058
0.9156914882117214
0.9820561410233128
0.9748586921927185
0.21149906388150994
0.22845677686434557
0.45803438827352644
0.12896913885696573
0.053568071061604695
0.03747500986005522
0.09561541417154787
0.2075556287163711
0.05163785869685868
0.3624950809663742
0.07476870791113349
0.01898669352429563
0.8624815958890267
0.4500917593495667
0.05103345961807247
0.1944391289371962
0.7284148590396993
0.2770881695728344
0.16464680496856252
0.4611221464366327
0.5706877044957569
0.3296130834172707
0.18995713491337224
0.20889234659835043
0.020896935411902587
0.03918507283873517
0.1118978583554062
0.2146180500287733
0.41878934967268694
0.06413125552547301
0.06978225831404196
0.9924619109201132
0.16945425500178032
0.0181769935931273
0.14159101022109172
0.035642157483836895
0.06089438254436569
0.4224683900688416
0.7700882390553732
0.07568859140037462
0.4209371433248015
0.3913415043898733
0.18877617357671447
0.8148369344590823
0.19212978094958588
0.5298084502313173
0.03184898046722959
0.030695185466218015
0.23943982966415697
0.17471910390066187
0.05284490864272827
0.05106362063764134
0.5169911364776091
0.0510146087731732
0.01511534269074855
0.04021452276047979
0.044336398924190626
0.07509071064043188
0.6527591556393345
0.057816916622902954
0.031833769464183176
0.15794653677815776
0.37280806801821936
0.7060470551337241
0.3905589309504315
0.04400990446357236
0.12432663248733279
0.4915616646700826
0.05160016709037088
0.4080578265473777
0.052062473330025394
0.861642985005118
0.41036029076689184
0.14988747708940742
0.39111962685626833
0.2716838121532277
0.037786027915610615
0.01568740668359032
0.1985558891412706
0.06885119020657031
0.07343792948191517
0.17065772467362256
0.07907394651437351
0.22939494067519486
0.07392555989139117
0.019449429945951762
0.06647625503204944
0.4021341165157264
0.0203070879265592
0.03155361497312549
0.2913278908299849
0.04083701462010904
0.06368145148456118
0.2605322510443222
0.26166510857403047
0.25346476831712644
0.29099159962094867
0.13772934811058285
0.11073611160267771
0.5376700594274019
0.8959939928656699
0.650929507756427
0.04355727123098832
0.3665583311288311
0.07757564100584181
0.9657253902287966
0.06312281783111921
0.014055106201541115
0.14954742863393305
0.02925400706576567
0.09419855254736448
0.04920795682929531
0.07276228431973597
0.027649349535642225
0.049947390489149784
0.4668002359998033
0.46299074973797893
0.09496007495560001
0.0747040530653393
0.35898244550355163
0.0791434372875533
0.9175315769002437
0.9169276622056848
0.0533647054040594
0.09930974824140036
0.09781282570944391
0.0524606329229737
0.6850745097336309
0.06309531992477264
0.737981245799079
0.10209792494414664
0.504484110404095
0.02201123392330954
0.03834474006254816
0.17878946842800122
0.35402263782610743
0.18828401369017736
0.4471352035696089
0.427749221747629
0.18618901229888055
0.08180601743994413
0.22892938496583146
0.3340166427728785
0.40571764581104225
0.2339698160081496
0.10704256622348468
0.19782859165755703
0.02504568004957397
0.22766075185032983
0.9458040403648342
0.060720465473256796
0.5485642740535183
0.10678034180643615
0.7611151704717831
0.07806856773219772
0.016958704785326364
0.06535401145405706
0.12877989116633312
0.10875972973379884
0.06410127142715114
0.3521173163436059
0.02894941382397744
0.08688787332827111
0.2123174638262517
0.15489312830314336
0.35181252088908693
0.05181248813816664
0.4866149148092126
0.7085586432465524
0.3337091812616904
0.6037110482427366
0.4085999410838392
0.6517495856717054
0.5916649730548216
0.24509125360958092
0.9514439243650619
0.24350783599938386
0.25383112271940295
0.7456055707108606
0.9940008458918594
0.37429568333451213
0.24916224759470057
0.3087769798339637
0.1227980242282993
0.4839664642075792
0.10177738459063856
0.39771746395070384
0.08796463984765453
0.34542337114217886
0.5335848334357466
0.9841583990442269
0.8010898750613842
0.6829683806794704
0.7938830716579474
0.2382189489338512
0.4319890558882716
0.5383408118559002
0.3133503882818468
0.05923598558316537
0.3644375766391925
0.2107095548506292
0.1101256423849477
0.17714800457151894
0.16732541659697708
0.12201689095375268
0.5563538274400653
0.5037734527752589
0.25376930484755084
0.3084033130380214
0.48300569112450853
0.04385231279723567
0.05200971497560666
0.04906205313996011
0.1860117767769934
0.5219909392319336
0.7893680381476526
0.3100982219386982
0.04723115524613917
0.04980656492535543
0.03992026226967936
0.2811174065470629
0.5662390397926772
0.273078454884389
0.17180938153865943
0.11738642630837016
0.2079100628661732
0.5460833380194569
0.04660037368971087
0.18898622199996548
0.44865622714688425
0.06695419073411803
0.07740551232176945
0.1743841146906155
0.8107755803794162
0.059353678730093576
0.14076348360290486
0.9541090797096018
0.9422305204214838
0.3004916224473988
0.061198391885588836
0.20511628363575676
0.1934608141847284
0.3672578980637513
0.06964268535349188
0.05523572066561404
0.9096508584923726
0.053830410388510545
0.13359212039420207
0.5133324288449448
0.23673888946785032
0.03826764105235694
0.1124956124956125
0.09267718417124703
0.2403558952933502
0.10454035631968026
0.02325350038940589
0.6827028693471283
0.6737055099126535
0.07371907645578273
0.06571483914525002
0.4177601021830005
0.4639621540090541
0.03278172405694895
0.06844723174263569
0.041801344366266355
0.030744646044907648
0.07445536297333662
0.08463126484755346
0.08662942062111677
0.030403472606907078
0.05588412228852499
0.3425369446685221
0.0455915072671907
0.4368040164498812
0.48678365043688
0.09144970767812713
0.032501688430711086
0.19164545770864475
0.26193653937228223
0.5869361057535952
0.06754055067187642
0.13923426614957676
0.03190602080628246
0.028797101638532625
0.33712287306713656
0.05175469861796549
0.06882126988298032
0.11369918331256222
0.09839966195709406
0.3963750009770535
0.09454977277666715
0.10553005677934181
0.0699454976723228
0.3056025964252017
0.061641195183803
0.03339362542953865
0.052600034732075925
0.12275422973953583
0.1401842693419419
0.9651027084046391
0.11149315114296222
0.5693158063917167
0.43338497288923317
0.09633581588154227
0.23211791277532923
0.5140739884036125
0.22184901957002817
0.5519696159581644
0.23474616594301784
0.8268604451845142
0.06750936521949835
0.32488037288192206
0.9828715846170852
0.279938389779895
0.02982373882136637
0.23672388750148202
0.43161391713511227
0.12063158000105106
0.2685439196931429
0.03082200526767113
0.14244233498689968
0.6041890727326875
0.056701566072270886
0.09329991329292973
0.0529328055205751
0.06870657156595157
0.11361978020753845
0.14749158722302502
0.41736646029710167
0.47500362249673983
0.4099779658178032
0.21323122749106177
0.04544914599896486
0.33322310114024184
0.21617992044334142
0.10217037778333751
0.09514487079091621
0.18808216024072275
0.44197148043321716
0.07261916541481889
0.6895075246944106
0.09859031930201188
0.015297959332437152
0.14891284979632768
0.4619733259495131
0.10317832978284168
0.021351636171099725
0.03153586644654398
0.026653476684917923
0.061741251487521166
0.09964294245590212
0.12658900599448866
0.09672116481402786
0.14248332523619126
0.4986555482642168
0.1152622281984574
0.0830425853587537
0.09235650251949298
0.1120335591673395
0.02721752035754997
0.049303543715164475
0.3079392042057948
0.052047399642186916
0.10348271163787437
0.17536161527852182
0.04108444789707634
0.019831784617406437
0.02856734446015045
0.038313142429792175
0.044148575909884864
0.07282824035241975
0.3481306834477755
0.07950326527358806
0.051773543191714046
0.15957868977148712
0.16371340311772126
0.9370103009991076
0.11317384783144561
0.0765733075548196
0.018092819017173245
0.37224885386109846
0.17142516746088002
0.27107528264656044
0.04272741499981181
0.4006611778038111
0.3277681500032583
0.15411861248562067
0.04622509350099511
0.11770591495622716
0.025339363944747173
0.17965713759043916
0.24658619657847292
0.14186477273639148
0.32806433310217725
0.049273358826341984
0.09238857278463655
0.46052652164401187
0.13653288599714922
0.16554521249148588
0.16603422869855822
0.15044009261386734
0.28630380187762305
0.07775196495221025
0.16259685145840017
0.14185391937070033
0.25847604602713287
0.36835720373563463
0.19793670312813264
0.6055733325486784
0.13485189676078296
0.10650950709499898
0.12448344596237056
0.09359333650594613
0.4111947852286914
0.07453121641385299
0.6542058459489625
0.31318789987378426
0.08871596344263889
0.15992673956336384
0.10132044171121204
0.14134495641344957
0.07426012166710176
0.14437527067096534
0.05248826280473927
0.3288642593254677
0.12736729476180814
0.35744889867320007
0.11799609709519052
0.1970951704196193
0.20726314722206776
0.042171061755790225
0.06199887570638185
0.2398281974144679
0.03150036897039811
0.0369249327775884
0.5131215132216282
0.480543277426731
0.5692991298301763
0.048173846779167376
0.3082672148477297
0.041093284291965244
0.7288203366909204
0.46231390432965563
0.3923444776418354
0.4924663456229335
0.38697350975910205
0.7678839446973857
0.10465443374553769
0.08593305527981263
0.0964146147589729
0.5427433964065598
0.9200233209909378
0.37112888841352265
0.11087066113664239
0.14739175132374563
0.2322694084193789
0.07996103069134741
0.09417760079892244
0.8917616702455046
0.6488419995799181
0.052903925501117145
0.08874932220783235
0.17858672500254485
0.10345080261448125
0.05699236310458756
0.03777464997029434
0.10884298170434885
0.04234769687964339
0.7737918391072999
0.07578304426576538
0.4157985469578145
0.4605006209287617
0.3355962130630604
0.12616635563849643
0.11113606648557611
0.03781510462336185
0.028322328747521414
0.37173709963713225
0.46738265467583906
0.12025893029204114
0.296030331574428
0.16853959931103654
0.0394440589643014
0.9725177779504812
0.4582252425898872
0.19419076621260198
0.3888480238932322
0.044835502597714495
0.2478872399090615
0.9103374077713119
0.5218723771194264
0.1085528104286136
0.7564887528284306
0.031930104067730836
0.13581953074669048
0.243320323659004
0.3270109236931191
0.059239741843803664
0.2966283354754961
0.12689986905688752
0.1722220680403629
0.30716694929467225
0.3514661577096089
0.11850930837265317
0.03307566033904382
0.054849348905378126
0.06988817835208279
0.22267625221707946
0.4258109576284341
0.0561286346988198
0.09195435111888793
0.09716675584151142
0.42185919720438925
0.2599227902130942
0.1933842726221739
0.7964504475651455
0.5083563475877674
0.22432163308652944
0.027674748655320876
0.5714051423934796
0.1923819158808341
0.06609183510591128
0.09609570816458692
0.38011150641695524
0.1212573913870272
0.3392948093419587
0.10294878817268603
0.08852444965792158
0.08927434741563682
0.22266579762098748
0.10159928642580933
0.05962409892086179
0.02488165798162218
0.8039309278611798
0.15794653677815776
0.4173050791835439
0.5910228291712447
0.07945611873440532
0.13257263378331238
0.1287398559010624
0.35131426412983097
0.012296308115762813
0.2873282834766979
0.07596945256062887
0.6509624304607213
0.08142425144417291
0.9508705845449948
0.6652912844740313
0.36491423044478566
0.2639381228355741
0.14805082413483253
0.30206202713227265
0.2684131791226671
0.3752594658212214
0.12398987099522142
0.21781633102503245
0.7861157557589376
0.37834442909182264
0.12279194171281958
0.140329087336803
0.4367872447625188
0.2735956798902584
0.05964788430613226
0.05162403851531005
0.25293802309646685
0.1485546156126545
0.02885675848076514
0.8171213404462386
0.22520360244556353
0.8069096430927134
0.435461843793218
0.028369302752111254
0.07950450595840694
0.16348536281759463
0.12233205459104797
0.18280366131142448
0.6339124364304745
0.2241869846966616
0.2232929829420486
0.11866532027556508
0.5887707490711762
0.5245914983806835
0.33706565727182697
0.1676245571693387
0.41787966116586917
0.12487239211143658
0.07697951228827424
0.11606285702992854
0.2482821035070599
0.1834449562493166
0.03461186137507304
0.237490006782127
0.16108411188176994
0.1287980887717561
0.13218505558356505
0.6935172335788332
0.056067195649855336
0.05586656651612106
0.307766252757891
0.27185294316618686
0.16540922252302906
0.37553706399516695
0.758589210198872
0.6598693916721098
0.08828843238022623
0.1983256244597302
0.2287081525266115
0.1592892037841077
0.08166968001469971
0.493454194497321
0.07293401479230315
0.37100008048272864
0.25610682754839054
0.09675809567475839
0.08374481615760564
0.22318962616875726
0.226130438499017
0.10282480118486423
0.24058629004254548
0.40593582118999233
0.17637190778236586
0.2120081196869739
0.06780373840980677
0.2390225723588365
0.1873560398373298
0.4273480260825562
0.1123281599664364
0.12308023435834774
0.14585755181083948
0.23415584225639596
0.11377858354289724
0.1152475798254618
0.07776313993979019
0.1133510099040786
0.15266835076314303
0.27060173461720866
0.24016004015879602
0.20048749647166988
0.10818667465279577
0.31041363586668974
0.08970415735487537
0.7654875566045386
0.11506080449017773
0.2332128338456187
0.5840202666247636
0.03670233431884835
0.009769458734781328
0.0805352743435341
0.19116574074606033
0.03342529278042716
0.038392767607201804
0.22778591080756241
0.05155116704702081
0.04404646413721282
0.043236968212668245
0.039629752453699235
0.09011906678519682
0.25796196871503685
0.3263717656037385
0.17551360483419923
0.8082713005714092
0.12742677813813336
0.5165599821339554
0.0679783480968899
0.18966342976354453
0.024418771184417817
0.18983328822481615
0.16338267715494775
0.14940442418279243
0.1274049272899905
0.09544790239848137
0.08216912971256331
0.8217993524031495
0.05817020302123393
0.09318524570440487
0.6693912226281722
0.09545159764855844
0.4535150080916854
0.2482993197278912
0.04587998140298842
0.6821745121970435
0.13335363708372347
0.02414150192191943
0.57531703339818
0.02431320941411697
0.05179992532672382
0.20368228525912935
0.02107780783632227
0.21773250265500588
0.35510499742753343
0.20550742088317672
0.12052076596118587
0.10364470415041063
0.08484910836378155
0.8796873566959579
0.5318330134864768
0.3293601920771614
0.17764982706482785
0.19546405767148928
0.23798945132093913
0.02849752406520047
0.039476903836219795
0.1542409228129726
0.5105180475298015
0.1902378277266292
0.19975263338957783
0.15864549739518732
0.023465991273743037
0.11497046299786792
0.014228866036930854
0.14832858517630074
0.27052677484808807
0.08984246917299887
0.37739827447523205
0.5335428797939357
0.10235579705835296
0.15820987028109437
0.05027301547120632
0.12341470354817413
0.025696563820185845
0.01872022616378836
0.04858905817753866
0.6085292884439627
0.022713911937041687
0.33302466849396256
0.7820417185607087
0.2727937002548402
0.0728518844893812
0.22777895772454185
0.030498600549450708
0.2698452005066517
0.07510935801158058
0.17015665785577913
0.5019180639434188
0.41867830478222073
0.23235845045864278
0.12224687970434742
0.06864423303360487
0.13934413520857225
0.21654574633955037
0.08668754420317716
0.18433204283444304
0.1131103103606079
0.4386082603292797
0.08206379612079957
0.2739653728113836
0.7325008635347227
0.15075598145316665
0.7084089545102962
0.2560187737561902
0.6870140107262321
0.20185442467479417
0.05048420619649458
0.17095283564957972
0.05315253251492518
0.06936725219471042
0.025371145604422923
0.25107389921115647
0.07037783692690534
0.28766403371152527
0.0871685508289539
0.041427779197915605
0.06876392146668006
0.06972742712834513
0.12982661371773843
0.43018207977773376
0.13783566854530546
0.056375627609042314
0.10430973010461743
0.1721043355347438
0.31244429886226105
0.12626352387088174
0.020454882874827007
0.21907336285134177
0.17471910390066187
0.3413601683100555
0.06365770929254565
0.02545377580676779
0.2580522268609829
0.06422495322017555
0.2583972289272462
0.32583529673673073
0.017142447281595183
0.07958390833825192
0.14011789121222165
0.15643534266174747
0.17545067295479022
0.17995220792842603
0.17116938343160007
0.05285997692569634
0.20053209668807212
0.1748366941911821
0.06402256124042884
0.4454763099972969
0.22777432232328784
0.13049586520065873
0.07985683226440707
0.157692748815584
0.12781398749749118
0.17251339872280072
0.1569958764899262
0.0670901901535363
0.3238198181094552
0.13265256323087213
0.14866882419019656
0.07479108799450657
0.6430995765980424
0.1607051643394271
0.050408783238799534
0.13629230579976925
0.058960509148964314
0.04749550155696309
0.05369359613309674
0.12915351828165514
0.15806025289111159
0.895235943823357
0.34574225507881085
0.058054952641815094
0.31769394282588465
0.5803559385220628
0.37847601482387877
0.32212712882517425
0.28548521106691443
0.04510391363328315
0.4861873877088138
0.1441765129019492
0.20856613794385007
0.3861387690282406
0.20353109729633442
0.06892474261782862
0.12639347963301692
0.11036789297658861
0.45286826008024883
0.26899974318500025
0.09525450899113429
0.5703073169380733
0.3968646314420528
0.050676523165861735
0.22941231019271335
0.1385773510075717
0.15170457321963532
0.3263374799664199
0.17845155214929123
0.048309742672517836
0.056104811595773144
0.638682822581179
0.38059425108811157
0.06317781262130837
0.06267155909126894
0.05402871335284669
0.3025341500491437
0.19538758730163938
0.021512096751262224
0.17181532858891016
0.11318484451455921
0.4847343423759666
0.2162207003095201
0.12437768927136303
0.16743983380574287
0.03222795452347027
0.029223549609154787
0.2487606625131384
0.12895822116638822
0.0644073400468962
0.058875354972748414
0.048727444766066545
0.13180831210022378
0.2388980709247565
0.20873918670390304
0.0736170715050545
0.2520136129758048
0.09732675271120812
0.28990587833389336
0.27359227750780946
0.1745231058736681
0.7094665624410361
0.1338463124990644
0.07389570805584704
0.11566013822222952
0.16265060240963858
0.4080758993464613
0.14917728014187825
0.5467224693752766
0.5063330682721799
0.06574979510948657
0.07921416672397315
0.34399820566271744
0.03928993425904632
0.08633259548023646
0.18955726142657317
0.10000558729449233
0.25667165718002144
0.16453820725489293
0.10322374426674336
0.10908047733058857
0.12646270525079945
0.14728469328280683
0.04561796278342597
0.06195635726504927
0.09796662392268966
0.0724847496696933
0.2660789536220321
0.10888460650587659
0.4826983105907296
0.09935893137346942
0.2680436512190855
0.029970906496357138
0.060119783739777354
0.2587033427072722
0.05128855867680916
0.1697459584295612
0.147065749206315
0.03207966798387577
0.14838870194612347
0.3077595575762302
0.13062435742435985
0.0359913882896725
0.11271804791301875
0.1037048346965105
0.09136332680481889
0.5445014929181508
0.09492434597212468
0.02027523428960525
0.05151347397141107
0.05805871090069315
0.18802431570999212
0.37030502844769875
0.2661483805047128
0.5225705861139984
0.6863797339134233
0.8665104381503946
0.3945790457750527
0.27692285416735934
0.30189082837090175
0.212690951981322
0.03977248591842456
0.06744948792080735
0.5821909084939096
0.049952419808729887
0.044849364992529485
0.3266548770771004
0.17769134380164472
0.29953738905111416
0.08670733060521794
0.0770490689196851
0.08559035792033377
0.2528429660203168
0.07628755310561466
0.7867260476147815
0.10327897683416547
0.03308072786676952
0.04757857534387535
0.09644662599740485
0.15661861002419333
0.8485220903980736
0.3740579098894248
0.22942273183540463
0.16366326018736277
0.0951300876946673
0.12456488728601345
0.11025778238584581
0.5021504623037056
0.05389567660815593
0.043837183410851716
0.06632149658466004
0.030417424958546397
0.12461836949111672
0.4016116164199914
0.02840992812238359
0.12460743005552999
0.24445089906918308
0.039476903836219795
0.09218874275789615
0.0730609374486159
0.14600199316353205
0.2007738607050731
0.15213430515723125
0.1491700688315107
0.024319568697858326
0.03564089205548164
0.20197640862606517
0.081524657336717
0.028484829213671993
0.27490859048267985
0.2528372395545414
0.08452976223183377
0.21555064695185233
0.14868084579698487
0.09739936283886398
0.03122144060369084
0.04298598997780266
0.010431192440877368
0.029813588969339628
0.022968450998250123
0.08817721129661932
0.029415170865752172
0.051803694177607586
0.12178687803660354
0.059090738631765734
0.2605014398144634
0.03499036691889955
0.05868625093338086
0.08754314402259178
0.06456722848815107
0.7061932750620679
0.05274319506176604
0.038948800727816965
0.08750605842422136
0.05668025617219431
0.10161648273976566
0.05397098140374262
0.09732182990399646
0.06435487414032974
0.2956229632129022
0.06879882937512186
0.1553665739627636
0.07653976437982668
0.05934366253492965
0.17480937580496603
0.0917051284563131
0.2975973463228043
0.12200593850572253
0.0837150966283137
0.4248432423033874
0.23467224002827305
0.1917208825981631
0.10468387212002143
0.296531858552096
0.11767055400156762
0.0726403227053276
0.08860599949584069
0.2516251719580288
0.03739029417806521
0.06351775015422058
0.06580722156858936
0.12252186098685867
0.4081109813830741
0.15432845440880105
0.26570218772053633
0.015119173961835514
0.18979200441365301
0.06283407281403375
0.039206550880518144
0.05972299437621298
0.04399477614727282
0.03918380941807166
0.19952132259242136
0.041521176359022194
0.19091110554805457
0.04562426166954527
0.09469517388367478
0.25145900292812146
0.10987847028654255
0.1045489429986744
0.02925400706576567
0.03927982734888779
0.03741178950637258
0.18189582045898567
0.6304226905134179
0.049104819005407196
0.07159590686124279
0.1037183331644603
0.046206201886655335
0.09886951025337658
0.07973650177820885
0.04677288061025329
0.06719374374833594
0.0951682771570461
0.057402171880302034
0.08705850972023912
0.03535488684463262
0.23167377196189345
0.02840104138571303
0.038057817138560726
0.012165877187783518
0.022445341850637304
0.035980001190405335
0.05252342761230655
0.053630834483272626
0.014292744945248742
0.03590282043076979
0.060662907182340055
0.1745076628499804
0.3321590606877335
0.05926603549034585
0.35262957767656156
0.5928071183844713
0.11620684155635513
0.21795836604903768
0.04226442777958918
0.1113427424287303
0.17700918203249738
0.07832305866624818
0.04916770849111416
0.03164362318733677
0.05922972513464698
0.34371853925838747
0.2269954320902914
0.3782365656681968
0.15264195159113306
0.49984659729173103
0.09025488326774714
0.055362405872452725
0.057447283823269336
0.3045176953456518
0.25322660405349806
0.2212830174327155
0.012963688907932286
0.428061910005256
0.11995686700381411
0.05685198308274919
0.08393426875419001
0.08413113364185539
0.1581033437566421
0.12823995994079945
0.13402786016913917
0.479383811850479
0.024383160541370616
0.32556867019050517
0.07155855271223059
0.17374963123865905
0.07145271253441966
0.13606862704623357
0.27845888285960496
0.050877621168670055
0.39273974599659484
0.3143217168137501
0.011853835185014209
0.12123182672199577
0.06281782197743375
0.12204853105135047
0.2993446977728526
0.3578890382386535
0.12959620798793267
0.09711752369589416
0.21372120845303164
0.05893671639905619
0.13114067449640227
0.04700580670442806
0.2516733012492508
0.22919344394586733
0.06453350297936622
0.061194638937707914
0.2366454139568424
0.1438150886628836
0.02463878151968492
0.11141978232642122
0.3888244152146386
0.12910742488378282
0.08645009353923547
0.05867873653292696
0.19742782674211146
0.02065235228320171
0.09214803441986653
0.1942625707029424
0.05373125227253737
0.05797101653647526
0.09330977689277138
0.06625409839988224
0.04985434602637313
0.07288423921491358
0.06578849571275093
0.025012622305666928
0.10268853019235935
0.04697181360387388
0.06340402685168728
0.27608815344251497
0.0894707364883786
0.15410302341983187
0.13005457021378608
0.053358428390295996
0.27752630601111355
0.009772019008916881
0.039052409761403034
0.10824790562222344
0.047946076722881266
0.09698336051089529
0.09413939415640218
0.027767452993996418
0.4073847668963295
0.040491066966534435
0.1792103077856241
0.14071160193469373
0.1056686037995482
0.03320994593907809
0.03805023277212865
0.02619349795426321
0.049329955157026706
0.03047703857070615
0.10238894985048122
0.07861475614165502
0.08466839878490073
0.32981294526675836
0.12535969264749347
0.0659869817377784
0.3667438207820121
0.16305667765358978
0.03872514043101864
0.07265152354196874
0.12785889448954768
0.20652357622869755
0.1848310166127157
0.1935820975508923
0.16106379145337008
0.2066546580207324
0.09285600559413477
0.06722992398432574
0.06618794633708007
0.04991344228463771
0.6992564539038583
0.31318789987378426
0.07078518026904317
0.03826005739922204
0.11078993240616497
0.22067152037612445
0.07540147964193059
0.06243401762009534
0.12423910379971628
0.1831692937664965
0.024329743514256503
0.13518577896414505
0.04077388948990134
0.8020451920600332
0.2581858932614137
0.07689628987252475
0.14252069802668438
0.240708389154843
0.09460522348357922
0.09130285817935085
0.10192599339925885
0.2176114114372131
0.1556853425305922
0.16391635075200078
0.11314085745131006
0.031469942113384906
0.05088390518834733
0.058017369703253
0.22563053055916352
0.3116659065615905
0.19579108490386857
0.04892997689682703
0.03255744492919742
0.08128789045633933
0.036413935117312966
0.03101982978718575
0.30118910324596077
0.05558189284804237
0.043330289592982976
0.04284976885077406
0.10622638172324081
0.07547481475987892
0.11310420089141725
0.05437381873361469
0.04408932643888429
0.06785736999188989
0.07132818820083732
0.07727883866924111
0.19687415474313755
0.5150129012375978
0.032056853796418386
0.35998930694381
0.013275576608184472
0.17692612154946652
0.1345941918760768
0.13193672714747168
0.1756679582920234
0.025952034797014578
0.06939841150977462
0.5201353356137748
0.02864477907530671
0.09559570756545224
0.054060088783302915
0.027748404471002203
0.1934455060898782
0.03519921374149455
0.07486692992696424
0.06010726780840975
0.07077646116569289
0.08049187020956888
0.02156685447651382
0.08341168688155495
0.26455781983639093
0.15930714825298822
0.385360661853453
0.664306030417175
0.056528573919333636
0.036530311210110404
0.37709826249141065
0.07122980902580553
0.158511467594027
0.024259790717229557
0.027575690457124363
0.10746892040231681
0.25421458226458604
0.5071076019854436
0.06420246613444608
0.5238919912348909
0.050211414399911405
0.47666825215739994
0.2868685117775081
0.033473426293803864
0.11521706206736809
0.0859169732002102
0.12694115223298102
0.14434877068312102
0.023688639718609125
0.16287514753108823
0.09918432627842998
0.09520769784299418
0.033293553649256624
0.04057819022789203
0.09502537125545692
0.10381527427168477
0.07089977100848785
0.03105660292771122
0.2469089479364948
0.31117466896311813
0.10792091245931053
0.045775429592284325
0.05188786351666898
0.38288359173575803
0.3151691747752746
0.31490674416485076
0.16195532061868506
0.05910576461907138
0.06232398979475398
0.23973370495478438
0.08883827644848548
0.05684822278160484
0.1799711668932739
0.23816013531815106
0.10421771821221443
0.6166944415473752
0.0934256708834552
0.11823504176726181
0.09200123144092584
0.0634340203766546
0.03220007233580836
0.41798228585735075
0.6693194838626199
0.09951385105402122
0.03188066972427874
0.1597497315245191
0.3770129993199035
0.2158571495407943
0.3367278319634626
0.03349495937181939
0.12466698854301689
0.4292080228977526
0.015036161622719717
0.06366145807660079
0.05759765034993439
0.05831801540572721
0.0546686845178001
0.13948538729260215
0.24017386581791095
0.018787802225754085
0.05905442540931421
0.03524857468125927
0.038675856333465715
0.034687820811416685
0.15411621417508642
0.07447277218959351
0.07447277218959351
0.058664960066053234
0.07256440442979689
0.0944955529579396
0.3161518851091401
0.0852377076199638
0.04853495926273565
0.09648479263497403
0.4277734383786799
0.08368413835995134
0.03166517391184699
0.01419053781864912
0.16030343158406365
0.14557465973276268
0.037239821081569056
0.0927240491197201
0.025943138288126423
0.064000072102602
0.20446383935840237
0.12308631607263844
0.05554175970634407
0.12705771228760687
0.05739841251036607
0.06932736763189691
0.176329178766082
0.023226778550940998
0.0667158597010531
0.07862840912312832
0.30132901932108425
0.05529718270748155
0.1141743202805592
0.02397359741225994
0.09901954538291047
0.08605552265726747
0.08051295232397675
0.032709501033433196
0.038005990120720305
0.03649109820456417
0.0704849742413155
0.18129077581292502
0.10552637842081872
0.03963101562176977
0.034034485193268564
0.1495354118149779
0.5287022706745759
0.2128228244413196
0.020258670219362267
0.04481407872695396
0.08062456016692052
0.01759791060297273
0.021663632297591284
0.1294919110913783
0.08326677853854644
0.1539279385379869
0.10020839647849061
0.11134763393122106
0.1887018256910669
0.031303854881717164
0.046735106515027575
0.02442894554977631
0.030049561107628176
0.12900795687065833
0.4894610675978246
0.10652911615918592
0.751453008214911
0.03345949301503962
0.11058198109066589
0.07261169808753691
0.07037783692690534
0.060675419981244906
0.0498191389987856
0.07606637866624721
0.06766404075385168
0.032482680215393904
0.09105356184086251
0.36013403703169244
0.04321426782650625
0.13778854990120631
0.3028685994079247
0.1128671403470264
0.7150877895367724
0.023934163465924353
0.02339346671252228
0.15317107379921957
0.02262099796940202
0.07444417126198588
0.07024203916243543
0.17151795605505174
0.2773361184147557
0.07468540227795528
0.07723164466889332
0.036245685037495534
0.03369508040057793
0.21953757960640943
0.25800995453664005
0.3599947481076233
0.08164117203490252
0.11455655370414046
0.20080202561830657
0.09304714348311005
0.0880004818183601
0.10574093903781631
0.24133950690389705
0.06085809881276207
0.10202669779221742
0.07101311036360435
0.12711113356940454
0.03804770464425492
0.04018926587267878
0.4045486812646754
0.14163804675650707
0.10731823570935119
0.02856607501788574
0.05729440075235457
0.06829011689303091
0.11982165582421887
0.10641513602538738
0.08790160600381543
0.12970049990676696
0.20525213578492993
0.02781951812894191
0.015668255116622523
0.03995815206448965
0.2991105316699056
0.10584269474835428
0.03155234722590258
0.08065804142059817
0.30052185515079993
0.2164723531606723
0.33912553477143725
0.026198581109025548
0.42400587150189134
0.20311615472819552
0.11876404081809776
0.0169612568675884
0.0728357069492706
0.15624247599143165
0.47044068795706717
0.1153916179093575
0.12118800088743924
0.2001130529006218
0.1349329525701515
0.13021582294688813
0.18937558347380498
0.037755686599157866
0.09855341916945963
0.04712037222115573
0.07086115957385779
0.1844053590095231
0.05370740345828403
0.09856817929672665
0.03623682941877836
0.06442357924262886
0.053195219811912865
0.16347581086807303
0.12840134661892236
0.10715161295630889
0.10016783613739993
0.4157064038611745
0.04539875044899553
0.19313932133719955
0.050509346614191875
0.04470065480170948
0.048056818666842305
0.13237158617843886
0.10042347669900473
0.16515511313532313
0.0658958551402106
0.12734544331915298
0.06862802472789968
0.04044813541181484
0.3736157945935722
0.046557559683197657
0.14240857773196083
0.12508871347886558
0.008911602548657024
0.12099807879979203
0.3956521014000648
0.26645110062863503
0.03369761346322192
0.06696916355603942
0.5267136027414919
0.03182743151568074
0.04818768840705676
0.2617255562567022
0.08946209079659355
0.09312852619668245
0.052745706564232046
0.13469098601105545
0.06523663615737188
0.030734500374425138
0.1275226765002525
0.07262787726481168
0.042377975781102736
0.08964240820645737
0.3569737916107797
0.11975587439406624
0.04186444041057872
0.10072824008460012
0.04356988064406875
0.15088688771390735
0.090947417218988
0.055467762326169415
0.11555883669501661
0.1804640415772477
0.05711518834728635
0.11304188333365367
0.07015482519830941
0.06771268647265913
0.037523056130876656
0.022642635813173384
0.03607109635794417
0.11223648345966378
0.0830339144471529
0.10963371801304568
0.1036127974783998
0.22728870832275327
0.04788692820027781
0.05845955533271086
0.024384432359808802
0.044475050050396946
0.03746615911837332
0.2367065774090924
0.051366464872883474
0.10219739348522087
0.029361873887130442
0.029628346073182966
0.06508928390411807
0.07824981793619092
0.16215962756817365
0.41253287491416324
0.04247385625539502
0.06362771879202231
0.05933615035890433
0.1415162321004682
0.09162369316133484
0.05374003861329762
0.04142273059124699
0.13681574536068852
0.4170669453257675
0.10501870587752707
0.13773297275618834
0.054701305563058474
0.07923650186528154
0.3783854157125892
0.04335172773642449
0.35048794309872916
0.4547071028151643
0.0626203022940267
0.029196898994197043
0.16064777849962558
0.0568181401433159
0.11447229710878172
0.07571469062166689
0.0747935746564635
0.029816126436667426
0.026683969169053856
0.04590013540463589
0.07540147964193059
0.09381522727101059
0.16953760284848193
0.10524067376264505
0.05645837036284691
0.03895259138703453
0.0762316403080291
0.11548926546500451
0.03536501154852251
0.19869568067116736
0.10611851484016036
0.07740675418440501
0.26870079771407757
0.05175344230737186
0.03638610515254082
0.07165442709438956
0.052073778528857584
0.09326169142647378
0.1638948630781887
0.07889400489605909
0.044172527376462545
0.11992763286149989
0.0690232242262741
0.0791285465914941
0.017402723369956866
0.04489347203847855
0.08618787874711631
0.09548485462023852
0.029337762931709862
0.17700443580516273
0.12575820191166867
0.09459659790974098
0.034078806637805
0.08177751121947992
0.116441101250191
0.27420121670808395
0.09119178903558792
0.08577222921024841
0.08836257665395089
0.11569675208031711
0.031213832978620477
0.37736913853505527
0.2998499146369497
0.17381617756526221
0.07338443287185047
0.043330289592982976
0.05786327300582612
0.03980911515759766
0.04626665448841591
0.2007938108900667
0.2111884337695849
0.21197076190248015
0.2608620172698444
0.1619935549618531
0.5157256147861862
0.16732899222622544
0.31554274801676657
0.1393018785333768
0.09078695634403171
0.07398899370494778
0.0949132575490601
0.03294896840901511
0.024048647196988755
0.027603630393213088
0.0810151432298206
0.08888398764887516
0.17841360737221484
0.03296543876631567
0.1528375378444643
0.08018677709745393
0.1894970970473466
0.05267287184102118
0.14314147480352643
0.21220657200307744
0.08464240509434148
0.07202543428590547
0.2392865374439615
0.5822542534903383
0.1536161086093724
0.05755379449779768
0.039961941008563276
0.04377540401688329
0.45609889610486315
0.038713767274383554
0.17896018497891333
0.19045598806352076
0.22263908008767644
0.032840007601262725
0.35403355152962473
0.07216734677239113
0.09526559569628086
0.07494152601302231
0.25323690979093255
0.10804706165799988
0.32775599233578645
0.49244493174052323
0.2333931470979759
0.17213049886733472
0.2829451054585023
0.10453054293117811
0.03501188537312418
0.03464857542531409
0.1926846744353315
0.0642199561097167
0.4014004459276316
0.0692812502109866
0.0883922336656371
0.084589178963469
0.07397033688970672
0.2103602562017977
0.07576067421474668
0.1090413045635861
0.2606395162768564
0.6649159203471299
0.03717785862176151
0.25184976598761
0.07655343017919593
0.13165565797666615
0.023790414488481508
0.05948012930793863
0.7420178669979736
0.0868037867745336
0.445091127318732
0.21926534439529527
0.10072209607855354
0.0435711415814522
0.16609385727277604
0.39876752105104046
0.037224646760705145
0.5673813628833211
0.24688827494058468
0.09115106228065976
0.19892942939949682
0.4664180614323492
0.28380305782694804
0.20816386257622438
0.24735451699802652
0.07746884642697391
0.09124115379038493
0.032047981549485766
0.02023318679518336
0.024042287143344325
0.03185912107839076
0.26037704918474075
0.033567157000644304
0.06336403485421215
0.09901339660322074
0.28002884584726706
0.06205139736208336
0.030124407280306322
0.08938304290004086
0.02321405375383476
0.11342797931097677
0.016938288022625377
0.07138422501754575
0.08616808768700636
0.13217052006289673
0.13960248678315063
0.0632640517061433
0.14935394977890434
0.39538362265883753
0.04129398725800904
0.0400894983690886
0.014886731668060614
0.25150255193080046
0.05496100219119257
0.13338027102984854
0.08955842658967017
0.6460337548715969
0.8467646367744647
0.052618872144145984
0.03992026226967936
0.11629225163651465
0.07113267086851355
0.09540232713771905
0.23113119331552068
0.08708200210307063
0.07203539335366729
0.07892130732560107
0.4512817085334128
0.14004185559818627
0.025545301083925998
0.148112151051126
0.20904783362766088
0.0555292179509212
0.12044039183016098
0.03944153241565721
0.12398500763371505
0.13918355548578248
0.0867135138194711
0.009522378544697502
0.015852103407012867
0.032397774878800335
0.10510945788815884
0.017618321358022198
0.04371362290989559
0.17050063306901853
0.16320833919603317
0.09768116590173467
0.028109028960817718
0.03343162619672129
0.19528052421917172
0.03090950673442281
0.04636110839337026
0.1414390390908955
0.0778475713538862
0.07147886175478532
0.03955143463602033
0.07662672711662624
0.0732363773727453
0.23415006528781757
0.1226009421274493
0.03034512546534074
0.3560973909199859
0.09422689871337439
0.06225271885983425
0.13531157640075323
0.08344141049458446
0.1237138581283055
0.049072115770471166
0.1284923488901644
0.3172596597400486
0.03393697491859005
0.024109702792358762
0.10841322071167128
0.24739700195538739
0.18069266880538654
0.21901518322615016
0.4012671200168842
0.16676158522241893
0.0649194420415225
0.4262535499790493
0.12849113555146932
0.19034278329429102
0.09541218132807132
0.028939260001124154
0.23052598022379636
0.05979309481575537
0.1039993279003417
0.03998720047120389
0.05909199080125824
0.16730277080801914
0.11668143543524824
0.09398039810834893
0.38715824569933854
0.14323186443397284
0.05660880383909
0.28953221569250703
0.04924946216565326
0.11284147761727432
0.11579194524945308
0.8240348140743488
0.2407003262217903
0.3984097288158722
0.13152359143678774
0.33236308981985224
0.6149999481999994
0.12382937435764069
0.1386908762243856
0.07856014337255643
0.16643251644898405
0.6447724828301629
0.057166572403375436
0.07472394706526932
0.3761439772981071
0.2861595004177722
0.2777889178620439
0.1354313191472381
0.07731733829197962
0.2014708338655322
0.03098686025012854
0.04380314191586475
0.061008234541105495
0.022935362556958213
0.22326743454155332
0.17226606743351364
0.07624158046423343
0.014217367640219159
0.04662178038426858
0.1206461924229672
0.04263785276837566
0.17524524105359265
0.05277207716886365
0.370661244779336
0.0946643693657156
0.07280459596290376
0.06931988919642654
0.08853186340414089
0.09468408430683824
0.06479080315020942
0.12111495588030045
0.09146574946761701
0.025421995320869858
0.20218282723238856
0.0801173191208615
0.36247877714312426
0.11074100445753636
0.09006597261304973
0.27319756396628114
0.46137795220066435
0.23178597250782373
0.11991545185369351
0.09169525767170977
0.06340402685168728
0.016007851968472556
0.07064068784153525
0.01685279080895047
0.026507361096633403
0.1760882187817001
0.2893014571423072
0.12944339921080233
0.15312668527588433
0.4859592678083874
0.11384088017263921
0.028357876733719537
0.01256609705222604
0.05761769845108937
0.047533262753490235
0.23581895830524388
0.06758420956799564
0.024577740357880344
0.06933359964217095
0.1286233855049037
0.019685223040025852
0.2596476765292326
0.027145117303814196
0.23804365650417836
0.0435005279890803
0.05933990645009404
0.03073576858575454
0.06752558170949985
0.18357981691252906
0.3044651678706742
0.09174584497555588
0.37388496653262254
0.10099978801008502
0.7127806509881396
0.023577954403022936
0.026597572717641682
0.19416604607980473
0.7708848207728053
0.1487145059426128
0.11484349028388531
0.2176917515673928
0.18454488936406085
0.18542916008865828
0.06856069665039462
0.14186115495383417
0.11240027612627598
0.5743329419297881
0.24016119230048338
0.09640722748401076
0.08772732659138069
0.5027886576653697
0.0230689859538066
0.10819402245927748
0.14793538054453034
0.3861742282266956
0.07562147770309864
0.04758990334736431
0.11090613191247449
0.09248478077998747
0.38613554543443324
0.2170023585040346
0.12317024200394887
0.13650266381123097
0.0609419258465918
0.04811596267540423
0.2194119368886403
0.2629603644445927
0.05745229620482317
0.6990234748310195
0.3545115153773935
0.14259544168450894
0.6718985268736369
0.1539387318496754
0.12622101330045363
0.1319234014087671
0.03833968447138249
0.1076722670936846
0.03751799867740534
0.03817157954108608
0.034348515319736386
0.03936826125990898
0.0880004818183601
0.032377498500155304
0.1638506933020947
0.011920339578080617
0.1277411633872875
0.1147665705442061
0.13549663060339884
0.09471488854908369
0.06146358413365547
0.10989804928955609
0.07844843123350341
0.01840909498326446
0.06425118786536842
0.1675125332673145
0.05437883805293649
0.19164545770864475
0.38738806841192863
0.047091416658232056
0.05136520834298381
0.047428788544424796
0.12824724079947283
0.2906845041867322
0.48184559572009167
0.274789577814292
0.4116649673037028
0.07179885339111644
0.35554127288826665
0.025935512680919096
0.047043576207472154
0.48783562710256523
0.31926593742277254
0.07159092634445095
0.20128077268864006
0.11286225223117291
0.23273886095827245
0.11024677102294628
0.06958535819691407
0.2285737802772929
0.24467855166689725
0.1416681978477866
0.08227569741140991
0.039762381194845264
0.10021208374514418
0.5312750643878373
0.7515547123074192
0.05989698961015896
0.19549346862875638
0.08506569282092437
0.060885624456560795
0.012803893575674213
0.04574393712117612
0.5642582926077775
0.22692471519614094
0.0791980356482243
0.052356389823678476
0.08628930514462119
0.06166996183317966
0.016260601196859504
0.06895341493023563
0.04182658299830986
0.1624869564786334
0.08688045405536265
0.048607929582651616
0.03878958722331998
0.03370647915984907
0.08890746059984139
0.04124980891070609
0.0779034433111087
0.039398580650788995
0.03891215735658878
0.23015675068995248
0.12170046482251766
0.10051687641726206
0.19211328511235382
0.043286151589391496
0.31865992696592677
0.10103910438831959
0.13574455444831243
0.18819784464645278
0.1049659698793668
0.07356606726661943
0.1272276845629199
0.10257189515749635
0.06993303707670712
0.028574961098602164
0.0416600027457713
0.07261792086202115
0.30091484068670904
0.0442494224498537
0.11212891147365606
0.4027673359767205
0.09851405834609765
0.015987426544044822
0.44079592873429374
0.023095709676025623
0.38288359173575803
0.032563780806872875
0.047635214784904144
0.28788933942872547
0.25309262491502815
0.2454556063279527
0.03591547319721135
0.03661379466893152
0.20349241959665754
0.059532710596561976
0.15792379284078475
0.6355070349720665
0.17298182377634677
0.05724803249555725
0.10630972977828464
0.01675325263109654
0.07537289071704804
0.37056380568839675
0.05438762183447702
0.430130548491784
0.05035347144471123
0.055031253069145095
0.36046481066554537
0.1332289374689474
0.40961150399040125
0.34206609451736153
0.09088570288000548
0.05705252325565651
0.08246031997572176
0.3456567858360899
0.4138298051739995
0.031570095621562856
0.7874394057074431
0.9080443386445625
0.3199305710372942
0.48235193882767324
0.25681226952081887
0.11426957957135123
0.2281346947609844
0.19118342262842739
0.1127351573955636
0.28459184009391125
0.07216610196556468
0.08240456310962818
0.479767638227075
0.20715433393433177
0.5672301389503774
0.1100693581168842
0.09006844213777804
0.04615834241304334
0.2419692864865245
0.2611780426331293
0.4222678093982536
0.07661181946172843
0.2055402075955497
0.1394539987314272
0.14558308683647328
0.06850209462134328
0.09222081546433646
0.06192384261313925
0.07613969174541373
0.05332578763305086
0.7336243366695052
0.4783017249127738
0.2903469849930548
0.1489765564094305
0.8010455711185638
0.9908840966867262
0.9717828876317733
0.8560139651426707
0.9216451617007431
0.8202224221113746
0.8339900340391934
0.08737996272666862
0.6351978938178134
0.18328405882025658
0.097614717774959
0.6663478853088122
0.038754204901195445
0.9922650546972803
0.6530025387740706
0.5932354930671673
0.6443147492568321
0.33522621200205827
0.46696857641160594
0.6072212158668181
0.7453245350758205
0.9478192542179609
0.06589710347506979
0.04279805309418958
0.10357966313650396
0.6980775065954303
0.7645575528511743
0.32002819556853984
0.15395552133907836
0.33942450391411094
0.5730585637866188
0.21243185148626167
0.06571359070776278
0.9052208518188669
0.11998488269068082
0.9369788657421965
0.8801766060122163
0.7655105793935854
0.6168619905631116
0.4802334680401762
0.4453103459461213
0.19468981675233096
0.9354491526440254
0.9384251190753202
0.567165325133061
0.38595931461910643
0.46390320030443705
0.7458865642782878
0.7349991609426701
0.6388872886040791
0.975830462160712
0.995457333917498
0.14557586360671837
0.4428997267703962
0.34465719213328966
0.2561685773787888
0.2414178077413724
0.4145007468033238
0.38181569307996005
0.1824391504904338
0.8503539693202644
0.7867190439680757
0.8916360184830714
0.03611158190569206
0.2056924250595614
0.22205469577154308
0.3685891323696173
0.9611369928696964
0.9938611404278737
0.8760045945358894
0.8380047217650864
0.5959634492943733
0.7552017031580418
0.5002762983738014
0.6348611961168975
0.32670463879664957
0.9917314007191171
0.9637248899208075
0.3994039165248815
0.27106052135976916
0.9147401301210316
0.9833372705070559
0.25605994221774564
0.24666775047873618
0.10782537717625282
0.07145769336210715
0.30932007215951723
0.034247220104337
0.05038238459952029
0.9765337145388285
0.8320989779015366
0.5276465710140774
0.71172124714466
0.2270151396601363
0.45926425257292247
0.6657328501750982
0.07078144351466789
0.8184763400746122
0.8245538008314209
0.3807526270336659
0.49253364490642115
0.8951476627625162
0.648658363744668
0.13792869467439564
0.1562628416039008
0.5444309606281493
0.6471311538571621
0.429730873805376
0.3536297062290066
0.9381979859875317
0.7635464234784983
0.7653750950550957
0.13977993484862286
0.5703749685629999
0.8252655608088054
0.3785849441960402
0.45787982455915227
0.9138976833779033
0.9711488975757129
0.7878672890165181
0.7059063078072331
0.07810953654376619
0.8742851874471537
0.7501839195506125
0.029997547884369122
0.19350791533245162
0.017273864966627174
0.01604742569877063
0.009555665543722959
0.01693063168866834
0.3003426920363298
0.23321052203830628
0.23591016117718117
0.9702663077618507
0.10199231144484465
0.9877054079078588
0.8861600254230774
0.5045783726685764
0.7389900912313546
0.6130104573592311
0.6000583876972814
0.07033423304766911
0.06838737978019765
0.1192344257525599
0.04256468658428006
0.43804054686611443
0.4170034382719618
0.26559062482944745
0.19655081963629709
0.27915917634914156
0.5921527449711589
0.25016129149765126
0.5459175667957497
0.2788560083361563
0.061642445915442955
0.17414887849219784
0.07057466661191991
0.9642790036315784
0.9567144361552811
0.10910495995503723
0.03305158942532922
0.5855181320042819
0.7852433118459228
0.41994385842749204
0.12848992221210068
0.46424035088303706
0.5039154017473164
0.9345308555699758
0.2867321386199903
0.20839307522655598
0.8461908749886906
0.6614810102981981
0.45867948633405015
0.5796134673118171
0.8764906714765397
0.8987397647039456
0.6784617131604316
0.08473771379681161
0.33138025778744484
0.08228684954783656
0.9032301048955121
0.2797631201135686
0.7781724621626016
0.3220018950868864
0.5256718885552978
0.8352192411460642
0.8381486097868384
0.9495776913553642
0.6297856122384288
0.4203148118216067
0.9714904267614711
0.1308134454434239
0.49457907603713064
0.4114272363844037
0.043197872959350576
0.061820042651613866
0.7901022282941537
0.5090714439559605
0.671998080895038
0.9916462198323343
0.11959994014843855
0.49445683690267495
0.1931251886821346
0.4092162889552995
0.19600515495611157
0.30118350640899355
0.920980010662071
0.5168722761412673
0.051652935160610765
0.9502690583363909
0.2380817146387287
0.9482101685375015
0.17111584341367836
0.15871131257140733
0.3378071401031114
0.03923813586036202
0.5199281565444384
0.5877486918797808
0.4684603050762077
0.4252017089833391
0.18626226539429208
0.5012014168187692
0.16931731943115455
0.19364450283467563
0.7842196825945064
0.5987088584079017
0.5687801237523057
0.5107403534002803
0.5988518735294839
0.30712453399184103
0.4051779609658164
0.3462418510517711
0.9287414885005476
0.4787925348006783
0.5477720224416288
0.7719246337018013
0.3849241911589883
0.5471580321121352
0.6959756078710216
0.21667505201180298
0.16760310623229735
0.5917444988512212
0.14287751561578868
0.7804946304512008
0.2305884767092081
0.45289321882205297
0.5710180329046627
0.8469374927373639
0.8676944822857648
0.9811223946062644
0.4200981663237391
0.41333043071680964
0.9924806579794507
0.16299696547470224
0.8668063120223648
0.7291706569622677
0.6861276264565056
0.5912750558575408
0.3583399753288544
0.09152621362484308
0.18465603420711516
0.17685255102755038
0.19783681772130668
0.4486583113853505
0.49190951029532126
0.9969468946045865
0.9291244689314558
0.18298944347018575
0.3492161211702101
0.3025397432859958
0.14033150088854196
0.9766779569564135
0.5158193473836202
0.1430980864486796
0.5295682464279349
0.44618385330281773
0.6661061879046126
0.18690371443852113
0.8578720260290746
0.10988336505366814
0.6948451869744358
0.1666733615416848
0.13774143023917643
0.4320195263062737
0.5530005590956034
0.3877198699109555
0.3959312392593915
0.20417210804866312
0.29992495865926133
0.4625157397799098
0.4453260035125062
0.9950759711755048
0.7926486636116522
0.1806749007172274
0.2200842722200317
0.23106408445283355
0.20178052718275866
0.9838883952689881
0.8980059360862174
0.5173778871165589
0.47914875898660253
0.8632996671091511
0.9139728012928824
0.22095520234040658
0.30165246958797026
0.4186360003772995
0.9809242634574483
0.34465719213328966
0.2431385474615727
0.2562749200967192
0.7450470382361496
0.8124685389180899
0.8987109443060077
0.5801930287166304
0.8653457525430466
0.9029886026124581
0.5918104446179764
0.19227470323191534
0.4000731999629315
0.6705153999987842
0.41221673608544535
0.08489490227760554
0.4607337154094547
0.8068550866212483
0.6965855722363786
0.6310510055214201
0.06600071281817113
0.6001114996693143
0.418669843971396
0.9267240205820697
0.2501956933697386
0.2625454214774107
0.31871209961181723
0.2866848004186029
0.15782802628020326
0.19523581498205525
0.6154570035350574
0.4388993875860277
0.599883590811177
0.4516251333393309
0.3016345636099013
0.08351447934262507
0.7857890752676
0.041193006892041674
0.654493175629302
0.3154337960445089
0.21266761087790143
0.18536533449924353
0.13220928123635933
0.047675490844042
0.768802569906649
0.7362065933057528
0.03705772242029186
0.9567861768317909
0.17855826826248133
0.6102813044560618
0.08399493967877279
0.14184547782667825
