0.5951784575020236
0.2915024914442701
0.3841596615729834
0.3008844467759696
0.5688390530751724
0.32015534325574946
0.3466649909736796
0.6271984637250709
0.611494721138702
0.35055763031567755
0.2718440749491134
0.5797035055775187
0.18607197415670598
0.33894792483510444
0.2475692712478096
0.6328382985961799
0.5904424206453449
0.3420982974093021
0.49237225457880157
0.3496280820252784
0.22655052872264583
0.4017690077161146
0.48880300431637463
0.4277631420203287
0.571429088600648
0.49960208143926255
0.612360930227467
0.34977074300441696
0.45181498122506125
0.4741548388237963
0.6710019259237298
0.32599234411605
0.08294376650483416
0.5319423940979876
0.5209578237372412
0.48900737192003035
0.7661770100771238
0.45203389418447654
0.31603020615414246
0.4263019685800914
0.6729008204851225
0.6053147541660157
0.6928194819482092
0.5555418015284889
0.5676505801328555
0.3652997711490016
0.6741172719739168
0.4793831383604874
0.5081292166443971
0.5786497388463937
0.7128376533105042
0.5834226160073483
0.14250959235516075
0.3793377289991466
0.3134730386795285
0.3950494044045428
0.3833141513497067
0.3343594092379977
0.28239761294705396
0.6695825563341361
0.4858165223992216
0.635389650813414
0.47654777930318803
0.7484748208506885
0.13200792582790358
0.33122988239769974
0.24776197359789934
0.6566832984705807
0.3331098380929591
0.5879737785238454
0.5155037304389647
0.5992347748810356
0.47439556724749055
0.3165587368646233
0.316023978777593
0.29270410401184954
0.10587406469020165
0.10152246017940972
0.5791668319258592
0.09170381593852127
0.21361848674027148
0.5342283442913237
0.426244503444917
0.626252310582788
0.7629948611029242
0.18509033669955186
0.11506667904335142
0.7377256655315965
0.32080587635404195
0.4649380852271636
0.373238379915165
0.29216440221000217
0.24090687824583382
0.636962050846679
0.5536604850060586
0.5172180712063862
0.6402560338253726
0.4806387005582041
0.7316481250891137
0.15140002844663833
0.6269052709710734
0.5963557725419181
0.2935791376316074
0.1406043908420178
0.3045085427273869
0.3535357002248683
0.1758265545656099
0.3880316074913594
0.38223774905621
0.5817775603501344
0.49831176863528037
0.5632348048811265
0.3788028966536662
0.1955878738182334
0.3058640983039966
0.14073377180661398
0.5154606209376317
0.1599328290318481
0.22151933781765507
0.15388957947780016
0.18139307414523748
0.6057009318688097
0.32254952608458565
0.4927456334118147
0.6681232926188057
0.3023234000562007
0.18574382516001223
0.3020331739927175
0.34122258709294817
0.2670690097502483
0.23434708119665362
0.2309146866787731
0.18216267410617773
0.2568960275372779
0.18495279429319533
0.13917883103350315
0.1076109129199071
0.23464147422021983
0.4707495134126385
0.15346140942993056
0.2589838833543648
0.22469315232844284
0.15854674905654434
0.7040225004062587
0.39194704956753773
0.6288510925788169
0.2072295907185198
0.39394394334898036
0.570821089088881
0.5382874519674058
0.3224444831710177
0.50096591446693
0.3691219604063695
0.3214034109053368
0.5967100567507877
0.6725658876641977
0.09675300109557038
0.22223611361600046
0.11443558397994362
0.09297938943187965
0.68880406941181
0.6779807552102954
0.399782010061659
0.06821335769664882
0.4352223965439081
0.20753124241140128
0.5540537033274028
0.47414376769045985
0.5981452183571722
0.2628482739651084
0.16109989858086904
0.11119778305332884
0.14821888243700526
0.13940583153409483
0.09286781299818589
0.22623009908208078
0.2722819113296715
0.3679696652062193
0.5922133653439962
0.6196533677852102
0.5939096076618048
0.6789614860547453
0.34702006207156566
0.29619938085687686
0.33745476654404455
0.6929200811049716
0.539067034368476
0.38649099737167164
0.11698363004265296
0.2487820093949674
0.42892125318701607
0.059535260102755796
0.35448008356518435
0.313402529134941
0.7274889619840649
0.5155088374261032
0.5805419021751488
0.3012076576047232
0.6437960283636399
0.6139154310856997
0.079625340085405
0.1865192159923725
0.09432750714766665
0.2860693000479762
0.5060752010862993
0.10202255816053897
0.09228125473313935
0.09355561235023975
0.09384881031101582
0.08096344075951442
0.1670717851071123
0.15843593569071482
0.72775608512226
0.2092841947624121
0.09848623333418965
0.10201765381763435
0.23291578186466352
0.6906573453123356
0.291775728487522
0.2495497960996394
0.2434127025376819
0.24122143876607363
0.5534585563203913
0.5266593395360424
0.348573775128792
0.5387529816690061
0.5888829157351396
0.35431673781020256
0.4227925564502294
0.5483399099583539
0.24363581170725232
0.2336573483528585
0.4003715186782845
0.3069519177351165
0.246841193498374
0.3605569260821491
0.3727371611665371
0.5942441879594516
0.38420017783654264
0.13544843955140404
0.12985840169941437
0.1652914353522904
0.12316163191000734
0.3388486195979046
0.3759028622036433
0.38689886648476474
0.6358582108311843
0.3436479147854644
0.5510613002959764
0.1941205479993147
0.3048914048070521
0.3314987909009228
0.15229455441880685
0.14771606366268822
0.17838207926541977
0.1531642930915224
0.07116321332756616
0.1959056585204685
0.044113759667587855
0.29835338912268017
0.30987006776749226
0.35242989822456083
0.35940704880226304
0.7026204161722484
0.39641917000920407
0.41242681800150466
0.5621419134889105
0.34450515575394824
0.3503239219192791
0.40060343974391543
0.2769173676872299
0.133784674802213
0.10869330353825452
0.13259411921420283
0.4737484177863246
0.24782087229605054
0.35959240854626295
0.3848085310549832
0.10170475060068339
0.3216647351859535
0.37217894794822226
0.5161432937438043
0.6865358864689463
0.7292901255779047
0.3923623938462684
0.581882196038516
0.42801296428476576
0.22263914037885793
0.3645351963001461
0.6348561305786882
0.5381778909295067
0.41271092712959473
0.613601303649872
0.43138187816380297
0.1048069428411681
0.40146732382912403
0.7008208255877685
0.25302993088288855
0.34629108728445035
0.23460405334092957
0.5372844557356751
0.42666823146421884
0.5068825968532834
0.3621816214048299
0.613140937492374
0.4327005250016613
0.14435242598469541
0.7483663768316109
0.7091458920427302
0.4490481270423498
0.3842391868080847
0.3655914716648857
0.41122039233730395
0.23444448224069314
0.31509791395244374
0.24266154270569643
0.2586135982093062
0.3004609078952628
0.7630103461580883
0.5152248991139539
0.6063121850501547
0.31777353978707806
0.513083679386877
0.5918348545343318
0.13164577304904246
0.673369472802846
0.29904221632561645
0.22080996192846777
0.4292848817336013
0.4563199372528386
0.15726689712546638
0.1450990473912008
0.5878964004155008
0.46125311235606836
0.3830029769494901
0.12921651082564983
0.4452921884992054
0.31825828399912987
0.2216103810014909
0.12010156678128885
0.46718861946933005
0.47919825434908203
0.34242513821429504
0.5340770712165078
0.36125027334479254
0.3049928035952757
0.16273018963236016
0.12007449644968629
0.13207401886438985
0.13741243948182644
0.6048435228240668
0.3227498557832175
0.5808659302620542
0.1939250757392443
0.2821232913316116
0.31763979176134505
0.12041086898020623
0.5384531036389762
0.30127687723649077
0.5960942852352695
0.6252932521713087
0.09912102885286633
0.6582419968703417
0.3924968646304904
0.6425152787057057
0.7331643429846292
0.5577387181049754
0.3990190932234379
0.31460743156103593
0.39154053241369385
0.6236297929438487
0.5149532105908883
0.5575842630621829
0.42852998832446665
0.6792432598003777
0.29769978978651007
0.37784586748829835
0.6985066054256386
0.4390892476069139
0.33268262127410037
0.21072070121034855
0.24362187663954823
0.1635708243727378
0.5017964904372291
0.3438158938950202
0.11801362831785984
0.7118133592205006
0.6130158943476902
0.2646923394743611
0.6204981185877981
0.5895388694945227
0.15300086760083406
0.16846100155149285
0.20648145873736296
0.7597255946566625
0.7597255946566625
0.7058070742579505
0.6568435571189909
0.3187303118205778
0.2915539177449708
0.32638777569092814
0.12664079051913185
0.7177814937559529
0.6840345577314757
0.3328640397628575
0.6406410632481675
0.4087288516680764
0.5378318235780036
0.5532247741872347
0.39991803130264875
0.4800009570732564
0.1976251935706089
0.7467927539383257
0.5820334750703638
0.3309981026501328
0.24671717863326076
0.20218147170106052
0.3102421532800624
0.5775665259941654
0.5379521861902453
0.6482517783428267
0.41729492859136774
0.6850792145559326
0.6008832160443175
0.3293428975608597
0.4404858524689823
0.5506622614744321
0.4001848306662231
0.725469720489852
0.41814677998425104
0.1668708293413847
0.31401978842864453
0.16900569497699292
0.14552837312992253
0.30157638012505367
0.12127781833570943
0.6114744643566183
0.41318898981042324
0.40083622483368514
0.4222455366306262
0.1240007426116531
0.09440185198040874
0.19565206555266576
0.33254673600479157
0.3986898230538538
0.26499847562887374
0.564898160026241
0.05488815805074319
0.1767349949744554
0.1783714596734766
0.36248535869695164
0.33554391272457695
0.4307525956642607
0.4950293353273628
0.5701470926643943
0.4678692584560275
0.45307315957695493
0.10769751394855706
0.42930052796852897
0.5922627183509303
0.3119583852741847
0.5570721986191979
0.6036847091347847
0.49141060612697557
0.6114744643566183
0.440095123261034
0.28331926336373603
0.30770590556870164
0.39742485893675006
0.6791948639718907
0.5343231258870451
0.6285316043272232
0.6541709641697617
0.2447377300446347
0.26773681469631605
0.5432276098013215
0.544916524513388
0.5841424376012211
0.19205255144754083
0.15342869045893884
0.12477514828974857
0.7070223551449218
0.3093868658884516
0.2490816964973553
0.21346403447512305
0.3377444428444186
0.24105704250113685
0.31716169095915203
0.24831859778729864
0.20962338409700762
0.17055393897692536
0.7218028819179569
0.2620182501383244
0.2695622362519407
0.28834107388713637
0.4840503174537848
0.16207191783562697
0.23083100545430654
0.43092479286462504
0.6046973306708668
0.4344612907752184
0.6397685767458622
0.6534281694127426
0.602089926535248
0.31276534814115853
0.23993300773992632
0.2779103610688986
0.12561318789101375
0.37829357792927554
0.4323794904368502
0.403304866175558
0.3415921030377979
0.23058989276175276
0.228748868484655
0.6171223270267754
0.5059545540705261
0.4717675246499686
0.27144321338957766
0.3335540152004765
0.30535733254082487
0.44163505656382923
0.24981256226738116
0.1592874519137052
0.6723667960408968
0.23262271841697144
0.29701137461047344
0.24789773067599502
0.495382737648481
0.4795702686926802
0.3924426559576327
0.34983524197307314
0.15408533501921545
0.32023554287325184
0.39274815964475096
0.30533222908942276
0.5268881846275841
0.6013301541351821
0.6057875358244542
0.3717163315300736
0.7316124409983377
0.5881081983340039
0.14145471068369428
0.49646079829275186
0.24583452339245904
0.4323859084940445
0.375562369512491
0.6392748481120875
0.1871296489300647
0.5985530381197198
0.4160463402149007
0.1813563364989806
0.47588416249901017
0.20802206145657134
0.5703107336486996
0.3626125937458864
0.32235528665993535
0.1303341479608561
0.5282412699435748
0.6208242302385895
0.3097373088293155
0.44281553632320053
0.2863122336676778
0.547590665958774
0.13798767839651815
0.19880113801243207
0.17520245936926362
0.6203952504824232
0.2713095308632927
0.4648617712344063
0.4442643293018304
0.6507122440511216
0.6136544048124585
0.18989971696006058
0.7342951918626359
0.4233440207778955
0.5285721824111348
0.6160338928950158
0.3074740968191602
0.2536978565511815
0.15933467331188245
0.2824339474918987
0.7100429665716318
0.48310179896634026
0.15262008672062966
0.28725589962453946
0.14494165429385575
0.5791567089863351
0.27069944417927405
0.7310711852613274
0.38855419570756133
0.419089475364668
0.716441836795504
0.4416622325506175
0.4157958996216316
0.6359887951182648
0.21154560446823062
0.20101881049869624
0.31868710686381346
0.13083968137883512
0.3723899558521509
0.09662445424670144
0.2965815710262768
0.36560576774896003
0.27381495132713235
0.3624560106019875
0.5121809653039524
0.2078843039138949
0.515607069278036
0.1309118057493074
0.4220844039506256
0.33831744777330874
0.06875185100942224
0.25221281957580904
0.39524960009382604
0.3479237360063471
0.2675031916777469
0.11070906572994318
0.12669078772964001
0.2455985445128799
0.23149139956370587
0.17633506787779918
0.14742369979899525
0.6634680146583805
0.31212365896698174
0.42326807512789894
0.29115981843339483
0.48801885905319886
0.5548780140500166
0.14514598588798358
0.15128996819741936
0.22695130915880268
0.6632090904715098
0.5938865111346292
0.4290918179908954
0.3757140033648745
0.5911343959590812
0.46899624889765323
0.16999673911570023
0.48826563705339754
0.23481669296917485
0.5404593937162692
0.6872352528792496
0.6075617530779575
0.7595959863193875
0.45411319237680714
0.7412268363626432
0.5887249862997177
0.7093187175261867
0.6443150439243978
0.720177099894602
0.6518192717897296
0.38266481048747897
0.437511999538529
0.5049608481746826
0.41758236647992536
0.5500899152212538
0.2537074950367736
0.326111383627382
0.29514177247702666
0.19746153005939304
0.38347804177947786
0.26942704624766256
0.2895121880972734
0.5057007700949343
0.4177641940384014
0.22235212510848118
0.35777053089342914
0.1671651069394011
0.4559688283138798
0.5898273893611984
0.6705742609279675
0.6791599474986708
0.33562992177947937
0.3860724152409517
0.5843937498341276
0.36689592176367153
0.5821415824591731
0.5735305760437195
0.4657875728020337
0.6474706353805634
0.31198523483983587
0.5353068013832254
0.2698197743606347
0.6144902853710933
0.15106682481157024
0.12288655160781276
0.43399322870643664
0.4911260509015691
0.3485099217965052
0.3388504543796758
0.13822992271493453
0.2132655682698417
0.48815554547284934
0.579850183992106
0.6444739729344536
0.5609995623202859
0.22923855769948676
0.11851921928874334
0.21996028249305205
0.4857891417786311
0.441682551972661
0.7385286835065796
0.6672333911886524
0.16456846493549837
0.11184720860358172
0.3529289017076869
0.5737584585664306
0.22749144389386527
0.6162958554234823
0.10446656959199026
0.6364685078230322
0.38139870294862604
0.5485516989740471
0.4985621599056723
0.5742029458860117
0.5752176563341053
0.5991757507492822
0.6015084635581299
0.27099625228902996
0.29946470591671764
0.23280723369348705
0.5238269894973829
0.14488633118823824
0.15937914854766383
0.2871484025948065
0.6535857881495295
0.31680123073274646
0.677704711270853
0.644689926615053
0.4498959682343498
0.43513901401691757
0.2017631490284035
0.2201222561896535
0.6709137593956678
0.13987053537751573
0.38436877334180336
0.33771536557049997
0.5025931898774707
0.3176658403648757
0.6411432336138255
0.3762515361672458
0.5845989651970908
0.7219788766303904
0.6568781560286122
0.5643214330812002
0.5377847102581222
0.22461386176027798
0.23799437896426168
0.5843173905355205
0.3091625875342401
0.6237774674218441
0.26535130882369884
0.4831399632476543
0.6560499587967127
0.45341426770689586
0.2217853732342677
0.6045730070287649
0.18992326836012874
0.1326188153502912
0.5839586476490909
0.3539431697553627
0.2738699199665711
0.50956564438257
0.387098641611449
0.6413485729345754
0.5179002620075781
0.16742208532293246
0.7732434062124695
0.28148399478952324
0.6707187687784167
0.2523441445608394
0.17107030624463818
0.5753766201384077
0.5169739118355051
0.25533923115431206
0.7082581321201037
0.3215491090050521
0.40499134730954545
0.13927982601125816
0.18066921677543185
0.30501245008422767
0.16797914899449345
0.2528625198477952
0.44367137434013376
0.31204118968861005
0.10335314324780684
0.12504491179400956
0.5007836758948969
0.41474301887564013
0.2724331348315569
0.3658782477351647
0.523383139600269
0.5522907251108354
0.7295885741963979
0.2048096311746887
0.20355542977522129
0.6025022109914151
0.488246268682209
0.2911432430941219
0.2970538420679722
0.21314348225803734
0.6112382340966098
0.42383783433448696
0.40639104785041463
0.5334314938672245
0.13327724289129866
0.09120741864213293
0.38485384107678194
0.5514259775677922
0.17336049410485863
0.3108213603232959
0.3096228822137844
0.18827877998647055
0.232406344884714
0.10265844714298868
0.11573187310829554
0.366186195820694
0.12626768439722014
0.22634553117210507
0.46088100346295163
0.4776862110702242
0.17495390705011685
0.2927680443592911
0.310914270949911
0.15486198253161496
0.5427947478512797
0.0766833161013154
0.44258559463706254
0.48877328966989
0.11288175261588194
0.12396476131176433
0.563438549387601
0.17734657373013224
0.5424103071936802
0.6964474507694064
0.32617184030845764
0.48972908290076667
0.4054645237916321
0.12362051754817589
0.7057257336369046
0.446874406342936
0.3471862023520267
0.13725421115136097
0.35306778895747576
0.14881525117691705
0.3236220417185053
0.6406167686403169
0.39008539840839807
0.6865358864689463
0.3888327421118684
0.2895121880972734
0.18675677770109986
0.635389650813414
0.6615699493956685
0.16429348726238555
0.6346996870472016
0.7273047003703591
0.10894081906369434
0.13433082081141146
0.6516480571077559
0.28410193589911614
0.6139313190063167
0.4801472104930966
0.5068632267987453
0.14417715399958012
0.06716929359649139
0.40044195956623724
0.2902050571757489
0.23562134390160017
0.201646961995992
0.2096781196145423
0.18143589865284238
0.29572966037463083
0.26819613876966686
0.5454844527561142
0.496421006283163
0.42767333406306324
0.39974507663733916
0.2541252344257284
0.20221694717084954
0.3272705347129578
0.6694266901714939
0.4625400710306569
0.2432699387945489
0.18627219165875702
0.0843200840626553
0.32915699192044745
0.08317656689315554
0.09305471686790438
0.26048005615510406
0.1399747626524084
0.07868937191526199
0.1717464101953908
0.5472748592795821
0.10297910761278369
0.32760689192206804
0.6907073183006379
0.48998207071193567
0.1297385025392545
0.3185743595556375
0.13606300669980276
0.189285743096629
0.19327950352778062
0.19996765795481322
0.2800149460346451
0.1365333770333117
0.2786852137879579
0.12047764007224607
0.16831305925994927
0.25055339336669
0.09048544248269406
0.14153453668834964
0.12681425585640793
0.11836058925215186
0.10290276543037494
0.09607961296368413
0.4536871313999462
0.2738016525204767
0.28479024906466566
0.43042592610474845
0.3619134817641458
0.46218183525186934
0.3424478699258278
0.3170632633734252
0.18867090844136616
0.23884567511311233
0.16102264902148145
0.3309200586350832
0.1818029159028166
0.30754154682986934
0.26916126365398824
0.4893676815841382
0.36502359135845025
0.3088054007043885
0.3130423163244148
0.40015970440565823
0.3158094542120613
0.19315380200006368
0.27826824644232495
0.43543963776163463
0.28482988760484695
0.36059492550532807
0.39906424997143025
0.6860572971957005
0.12016699519863688
0.11446397051148159
0.2211125836050538
0.5052665426809043
0.20541545700685804
0.19354671115519045
0.14898503651287578
0.14125891206311597
0.17970240695639436
0.12939935946103306
0.10232474888989984
0.269390792048116
0.35232501801689486
0.2914161246042151
0.28941872823615306
0.3002521601909777
0.6418196888519049
0.6377472348413672
0.40063994433061045
0.26074322395083005
0.3229644286203747
0.3276692487640231
0.10453655128848593
0.12099572507661623
0.27702521873983876
0.1470157675392673
0.19435337943595543
0.11109534642020356
0.1823439240881463
0.17495119927409747
0.11948912191343873
0.566024341442706
0.2309815361879001
0.20139236685365328
0.3899504180768102
0.19374648106296236
0.40775100622557614
0.28598279406606003
0.19767116422706346
0.6373662577668215
0.5641559445396949
0.4854250171926037
0.42344357919476244
0.2638087595480866
0.5286081445912183
0.5021143433583893
0.3304521608286874
0.5302967679749825
0.06233394912279997
0.718482489821331
0.14549312171484557
0.20726575001496825
0.11845108978998656
0.5234877756303391
0.354319111830337
0.6509441514831684
0.5252101421802489
0.5604541135774894
0.34094046465388517
0.409722216954948
0.582327517859736
0.6802197537865734
0.38031137532291237
0.5245008176149231
0.12284922872248669
0.12280840665433423
0.27189334431445805
0.7258885548484095
0.33087296112802983
0.27635456984367235
0.5898453842760056
0.6526033020199355
0.6502964676924174
0.6711851262029058
0.1884941288234206
0.611130352932367
0.30236724390987485
0.4048883787069072
0.4793047085036771
0.1349090178545365
0.31460743156103593
0.5683853945141717
0.6274592629513163
0.7095081657459061
0.30510392038190537
0.4196593949602701
0.14930984681351217
0.43099230798595173
0.15552978348527563
0.42851860209660814
0.31342355621849416
0.35777053089342914
0.20701544685434123
0.25808084464037623
0.29847808545952764
0.26349289125174635
0.3811059543931117
0.2761980060637286
0.5192575860388512
0.48281548266697105
0.6905948497741592
0.2861563400624623
0.35345921350237347
0.21262423477667286
0.1344231511409244
0.6286611528751115
0.5076338711627186
0.48365794874158213
0.4473989896209144
0.5810165321828207
0.6449821202879381
0.2913820561504815
0.4508681736591884
0.43183300468987224
0.4778573978115722
0.6089203054867107
0.6133800808243975
0.5058168439655889
0.5495593948861542
0.18312275892146862
0.676544315798236
0.2079019772510051
0.31259650862018357
0.188984950203417
0.18753861378496411
0.43269298103605597
0.2991807627418591
0.2831937328899701
0.2527311074450591
0.2660357512209788
0.49966088705165024
0.5027737216737306
0.37343668093076465
0.20482291391563284
0.5594138011376127
0.37080036960113494
0.637729113597641
0.5781560253940962
0.6862251336078266
0.6261084593714569
0.12739080051234467
0.23276704138896342
0.10752698268710502
0.22110917114287573
0.4057326001366609
0.5744183285357924
0.5911761437579385
0.3038539918106432
0.38757525785007824
0.4187904622808395
0.2551218479057664
0.6899155590689131
0.2751054329362648
0.3030326578194757
0.5092950820658746
0.6581066003583338
0.39436459326897033
0.21375342562457042
0.5273885588612757
0.14568188504223908
0.2915539177449708
0.14878607162634763
0.18268297732036615
0.10792214597244963
0.5839586476490909
0.2836285323680155
0.5501044989747417
0.5314769905966961
0.13421729810888966
0.09143694917054822
0.23147204097904672
0.22001224157979776
0.1570557694786297
0.19242833468642617
0.34864189840288173
0.09507864457565063
0.29181067855395343
0.20511626525794316
0.2964129284221559
0.2990070523321105
0.2860522645809736
0.13438895484403957
0.28014907272258305
0.21744199634013386
0.3342607386067552
0.1701435908753164
0.3245698390624721
0.2863154925272846
0.20705867139235828
0.6044295512286731
0.2180254425784615
0.25100354144608517
0.12774089017377765
0.3161326570868967
0.28280102759782727
0.13940174780280376
0.3318730940236776
0.4521354047084071
0.3162426877090925
0.4168759675821391
0.4549800302502616
0.04652186821940057
0.12099357522316469
0.1930448184701853
0.222480975147705
0.13636610443083733
0.23523659137494582
0.2352950632285264
0.18476813405249196
0.12246904827192744
0.22722995220413172
0.30473708276177414
0.2675675274377123
0.2893992373402555
0.08488924153591325
0.08503999563484929
0.3347664869836942
0.5246812001616268
0.521720851764762
0.33659513873551883
0.1495838991215938
0.09486283125078605
0.3513138987349452
0.15080943265764965
0.17820592158279167
0.2902050571757489
0.1819001380273525
0.34536093269542356
0.16606367443023118
0.34960236484931984
0.07678470911987388
0.42357658869517567
0.1801696497095346
0.13700058430856635
0.13960240827501144
0.5859076715208615
0.2117221343080046
0.2740972988664738
0.3130752886559379
0.2187149494757221
0.12095045978400724
0.14099275338618827
0.44507239017060307
0.14026699511198376
0.5338626263974695
0.2511460602014747
0.5875006585212291
0.5762186744804576
0.49128606117271706
0.47765611718828005
0.1166917942935814
0.15933429896735268
0.2233693149743987
0.19871228969997062
0.44456901979168767
0.07368969381475551
0.507361598941357
0.5948052534985583
0.4033543744408008
0.5243702752741463
0.4294382347321171
0.42295718734892834
0.5485197016151897
0.25429728708507904
0.3342863835697934
0.6624389633088416
0.3546556098066963
0.19588785119799218
0.17746137353202573
0.1912043754043835
0.17137207962635576
0.1784230375355265
0.2167838085148764
0.3922394405118953
0.1902298173218073
0.2936833773197325
0.14338014331883842
0.13786216698747236
0.2261704452048926
0.1129378736046242
0.2697180902572914
0.7003871751777657
0.13907945971583896
0.1510055641795213
0.7076755313730384
0.14760536879471917
0.38986913153985325
0.5929878442091313
0.4930288042940885
0.12699557769981604
0.08727344247945457
0.10541277438687272
0.23977218666516945
0.19208519192083154
0.1660052435711779
0.27023978321132747
0.13624173378920323
0.1366851011335188
0.35270945521070124
0.310347080011819
0.291781810443968
0.20263603765189342
0.18168839952559085
0.41060406509316816
0.34277949569425364
0.4146461299886247
0.12429534668798677
0.2687556585780847
0.24876010568542092
0.07513065431979331
0.20948893394477777
0.2797587152567633
0.18897012749039496
0.12436698082383339
0.1560993889793031
0.13558310969851223
0.20819213729658287
0.14715384782379717
0.43846056798684413
0.2555932713146787
0.42047539963909547
0.30273606282220744
0.12413101134663769
0.32349738115429055
0.21607754930970993
0.4139326172014986
0.1113167609998036
0.12748409389785562
0.14471906131347714
0.2567969236333723
0.15100402526016002
0.13426555341722177
0.19536888531416516
0.10876859645425316
0.14452982862035557
0.2170751639293721
0.07923003288780288
0.14620102759810497
0.1387871939941489
0.07028595761142652
0.18450048782496603
0.30217629140064534
0.3189627629814121
0.20018275038619307
0.21781081308583763
0.17014187036037043
0.3055716984501747
0.22572243492418942
0.29192494077901493
0.44592267369100314
0.42415965273448686
0.14958236814899675
0.2389797002831803
0.22974628413673112
0.2179170202491252
0.3014576714846573
0.23835947537504962
0.23674082807930555
0.321313575199269
0.17857281662597424
0.12829154164442283
0.3113400198632353
0.2714455141031855
0.31711451383464273
0.32908901767890153
0.28452538463944316
0.22395671771092868
0.1365161828910666
0.15687506702381143
0.22865051670713268
0.3311698681225114
0.20000474439203464
0.18346153119533673
0.3110621623521804
0.1357617049074278
0.5578289093121325
0.32536096847853985
0.1057645743299116
0.2071368708960916
0.2696307931112811
0.18296583659232676
0.31029742398313
0.23915835876849378
0.2051568230589944
0.14825481537448698
0.12696370746962407
0.199340240426893
0.18287851936318322
0.08879852771283739
0.6288344757255511
0.41733164114904486
0.34228403250493966
0.26756679867161537
0.21707441767138674
0.1651675080884244
0.09241941979643827
0.17372104055822182
0.14150465732058104
0.27421975601462906
0.293668998007183
0.09121768936603829
0.21088379269452945
0.06600892789246218
0.09139325893282978
0.36856651531224616
0.4016602197532804
0.23912027850751874
0.19535098589313582
0.4432063337842781
0.47477619672711163
0.24871304870924496
0.2830625083770553
0.11564057820611615
0.2233450894299728
0.14644675387377065
0.11796037130833008
0.2777470141749694
0.25880045069771473
0.15322368743167594
0.18021647082433723
0.4358943967126536
0.3004275363545362
0.12866676127177176
0.258643825213084
0.5101678671065549
0.2111791707955558
0.11460716222317695
0.25121530064247516
0.5387183015925854
0.2619183317813095
0.6099641103650073
0.2888700626971787
0.3830581406362802
0.5704858144100504
0.36907459193278214
0.49289141672485126
0.07969154895397813
0.14186383859212365
0.22587308415247542
0.6080021742304207
0.6427521725717914
0.4156926845419457
0.10073670607008971
0.3883223167802306
0.11277502408737726
0.3367672632433638
0.6582821559642832
0.12262332920586454
0.11966613216446476
0.11655779184995091
0.4951833286865295
0.22439409824302475
0.45598371308007063
0.3985469085664925
0.3446080793242366
0.09796323891353546
0.37288716570496644
0.10068911664675378
0.17142421468436642
0.542199874834967
0.49069993313158766
0.2802263336419434
0.1919802103893744
0.2163373175607726
0.3613111100617206
0.2490162162162162
0.08224735074656857
0.18096056430495208
0.09539962215639433
0.2161072570592182
0.30501025235053697
0.5069418221938718
0.18081208028638032
0.1333725402406973
0.3181976309379418
0.14631052066313122
0.3207732570131157
0.32938986507802004
0.2437475803331021
0.2858734174647355
0.289620772107908
0.1771349011337259
0.1384410578902384
0.10183315657027664
0.0848229669643931
0.23495544636523458
0.16863981823250207
0.1775438545035281
0.2739683969413702
0.32213860352081636
0.27410733494279005
0.13451134860816233
0.32158237696482433
0.22264396979967357
0.13852200216914254
0.11392880436081868
0.2304122569208376
0.32208374388235933
0.1781718334394084
0.08628652892737247
0.07723233311726078
0.3552354430975004
0.28248152308925084
0.2803807459200854
0.1434076805279803
0.16294873867884008
0.15813799195262127
0.12818506430387844
0.19303144523200907
0.5621297952067548
0.3783848055689854
0.2705476735140498
0.49202126913282385
0.30351662630125914
0.36716241420194085
0.4469735337099121
0.42716023564413474
0.14147827327359724
0.24315466482704648
0.46015832061957296
0.2941503753243636
0.34181403628232765
0.47974676942438216
0.15098606813804416
0.193722304731645
0.16536691533461675
0.26720633375925923
0.16895976632940024
0.6124162959018553
0.14502625124547613
0.4385391011585395
0.6242175809353171
0.1841963305147075
0.30364304892715854
0.15131069605534425
0.11197515968466781
0.17227569435891524
0.31559119695058896
0.12582424289064367
0.1381060543115785
0.38920027348895697
0.38136156599040727
0.144945646906035
0.32935823535272074
0.3796325921948849
0.49127557058271143
0.24911970148989254
0.3629476172449766
0.6778824609382781
0.47345352637967303
0.18233217751854383
0.25817118964968744
0.24563197116586627
0.47505970572443884
0.2160589188159011
0.11764746136763655
0.09907233249463153
0.07803415488710645
0.264977264739214
0.3329424052986121
0.22740804292041158
0.1459434537331934
0.41551834337213006
0.1244823114737162
0.22349768847512577
0.24567709288944484
0.437310689443396
0.204132696070274
0.1146154683110216
0.10247275037891926
0.3449760792334323
0.22371462027098513
0.21061243085687623
0.13775736158768995
0.49289141672485126
0.12589127441100545
0.34058523705404725
0.12884963782865766
0.16569738928831168
0.15638675969258073
0.14048579986191345
0.10141564501043808
0.1779669398216236
0.29978748438373665
0.6179514126362687
0.35951079261504415
0.35091871390252016
0.20866532996927445
0.07473155983296983
0.2692625511660685
0.3317271944857386
0.17585919371694478
0.08334502616078186
0.43944993893296785
0.2300168002600083
0.15388305666998092
0.2875404833604848
0.18963810335474915
0.21042233527768506
0.35346331281980403
0.19908038417328217
0.17060609374445368
0.38006661777255485
0.21056367259924233
0.08662117282496466
0.0846915461755167
0.2627056218952862
0.11289794991431511
0.10675357109428697
0.23350066859130844
0.14280924469116396
0.16910603184086442
0.21901634168956943
0.1307056485233057
0.3745943989432488
0.12132741219761684
0.1461732566773287
0.15041171095862463
0.25092998955622414
0.1576842206681671
0.2814274561349754
0.281171986238768
0.2718840926537062
0.21241061141619733
0.1696830116574398
0.16895240132812805
0.5552560319356863
0.33659399075371493
0.10921246567710415
0.4852638677009825
0.5207042050336774
0.1276926894745628
0.11663661460108583
0.10619781805872261
0.2799418054052595
0.21348216602670977
0.7053734171138348
0.1127905939198273
0.4063504916645431
0.2559877539483434
0.4567932669088858
0.40488244476522356
0.20192473766976127
0.2533465763983003
0.24048213924357023
0.4074435469851242
0.10627913249831551
0.16645594496032726
0.24434846960096593
0.09244531674044572
0.20190607126299429
0.252611105458229
0.26810023914917985
0.0700151312624631
0.11015018347289762
0.15859990679190675
0.16248337002200516
0.4019093779232103
0.3433508863845701
0.41080546760870734
0.36324253163662834
0.48402877212594986
0.32473646094455705
0.48876452132942855
0.5233140774022783
0.3839148802168219
0.2110064773558941
0.10969316424425939
0.6655614649081766
0.37763924361749435
0.3785126717635692
0.5071966853228369
0.22989295812339114
0.5353562638250949
0.27469870344347086
0.5627840757296282
0.16760065038664804
0.5203515718808551
0.14195924669530757
0.4128362930944845
0.5334554299400185
0.35549443815001375
0.27834098982326433
0.22519979890051775
0.23607761950821188
0.23819028710317877
0.5048630269238612
0.32185137537557557
0.07710075617632976
0.11950567893741681
0.08370201951492467
0.17009882156708084
0.10397386536091974
0.10975364306596247
0.2968799891353066
0.11866998300930066
0.08668699722991034
0.20534054518972078
0.194359132372501
0.08885814763073707
0.2225609334009939
0.1526768495982791
0.45307542183881844
0.264665643797167
0.22990218744801708
0.29923500673422665
0.17689666732338866
0.290920393500715
0.6085382619194162
0.1481452767412893
0.1440682088320356
0.11316831514891977
0.15394710443380885
0.2752226980862857
0.24067658293464478
0.08313174376664476
0.08916648492408626
0.10314241994663086
0.6944358297316441
0.6944358297316441
0.724032825964011
0.5463213390391702
0.4341847330440941
0.3264806233432952
0.12253421561701491
0.40598056567035584
0.09954612107360415
0.08766137228693557
0.15627828162664273
0.23778664510933373
0.13873834576522612
0.5706086421339821
0.5606250817345172
0.3861891093372031
0.11150606641579779
0.2008291051754652
0.39336250902334624
0.12670518229907868
0.07382748844853566
0.25700544867717506
0.1761977096121908
0.16001034906621586
0.16147285573429856
0.30445311918354484
0.3711176815708085
0.37297911625490227
0.6704746973305611
0.3470915976816801
0.06802673340060969
0.12326659611428797
0.19061765534295258
0.3757286157601482
0.27230299838230976
0.2919965106719617
0.25524221947093984
0.3674623508131324
0.236292571765853
0.24500998156662113
0.27324165794017125
0.32102636577839744
0.2569396842509055
0.5831415107783844
0.11752422917516783
0.19850615307991698
0.16286347513608918
0.38424498840790133
0.13103966781760867
0.3287828592515939
0.22189623176212034
0.3134867025310376
0.16069673496441425
0.5674246217256698
0.3250761951082032
0.2880838727137526
0.27925848105145457
0.10952555087786832
0.12622077243390983
0.20651862474658675
0.2960658712591435
0.37070554721738314
0.2736827875504984
0.19159061553155085
0.11094519093287253
0.31196741260785044
0.13981260120346195
0.22724974655213995
0.1966449880240175
0.328584293131795
0.25557864744434916
0.17448273839014394
0.18936837115727256
0.22455258897526229
0.22713952804631357
0.3158674270404564
0.3279336764026114
0.19900339601298347
0.1904147835775135
0.17785905978411742
0.21016862195299707
0.18660763579998357
0.23079851839126547
0.24613989918005932
0.17946438541723886
0.17451160971516272
0.0894466663113208
0.202527550963316
0.0817941342616207
0.21394875299022914
0.10461410708621394
0.10910790249162973
0.11608151378431107
0.44465901766146704
0.13277902215606707
0.4870239167715062
0.16169375732742194
0.4563706785449443
0.1486506475947843
0.13759582736803427
0.3993710603983277
0.2910313687096077
0.4969863607418541
0.3363196377487821
0.1567456429885631
0.10669290915238269
0.3187488374090847
0.17608188749133613
0.29814129147867363
0.20473932378735155
0.19324523159255214
0.25685189297410504
0.28652593027274564
0.14658645713467583
0.264249144259509
0.196490519116304
0.7356659974451533
0.7254122980570815
0.36954273978816543
0.2573021212204741
0.4044437614413989
0.14775137766252064
0.43919549595674406
0.07205120532466901
0.17732702144690146
0.28249934472928195
0.25626793915117974
0.11176373169009904
0.32609272543212586
0.158147837269096
0.10533149182934437
0.25006622197548284
0.09187576185400304
0.25486321602844464
0.5611617055330979
0.3668899741783419
0.4174398510409707
0.4487975252816914
0.4087237523454017
0.17909128271504482
0.14065874400871586
0.21793818471909135
0.29675025024489626
0.21850850574309622
0.2506553516940919
0.10491803436155207
0.2573088141404697
0.17176034131748985
0.23964459949020744
0.44789970040443083
0.11676495909650582
0.468670401697191
0.25349139480096405
0.16606902340521645
0.28993656309359356
0.25137227030496223
0.19324389790662724
0.17443225247376332
0.17017768162146157
0.6094013776787595
0.11492945720277181
0.11967443725281234
0.11455814383729764
0.2787770940197183
0.09706897522999894
0.21002732824389436
0.4112687921013188
0.12128976341210403
0.10995335813834275
0.20404790921651017
0.30160803240526723
0.1610315194127311
0.0987986141722589
0.3751847653242232
0.296545780740375
0.1137411458979091
0.17579573709352
0.1197801950337245
0.5655445496966578
0.16747491938374445
0.18293741303553945
0.06828487015797108
0.26276130456769026
0.1558839341880629
0.08898326413602559
0.12692922232600948
0.26560637425376826
0.1095554964526461
0.07983765805952438
0.08750073941582102
0.4385391011585395
0.1631931742857723
0.3854848412332165
0.1472312603767541
0.17853947634892786
0.45163828321531185
0.24759445493336982
0.16138536144355542
0.26152835021951665
0.25764012985860896
0.06236340539441738
0.09369688457810264
0.10823965788545502
0.1619462574221783
0.1733338390148756
0.5604133515444495
0.3478970842988474
0.36322728015001654
0.1160307827491356
0.36220961271349666
0.3071450307114101
0.11020635613689934
0.2586042202618943
0.10101818405198747
0.15732702692009168
0.1463499013115573
0.13092420400208798
0.3572144319132068
0.10208549930680286
0.12542656416351622
0.1263495335902141
0.10885748693565914
0.6956258151693518
0.10289177164507401
0.11999881027393722
0.35052071702199467
0.15408979334753772
0.1313312935541431
0.15893973958926938
0.08656139106488893
0.1622766478858981
0.4593790921258009
0.21300361898694048
0.2343357363885219
0.09100451376119849
0.09060072659404464
0.20964140883305388
0.18895752019162912
0.2526296583348312
0.17754053128478045
0.7255564708798322
0.25606767431647365
0.3529342061479308
0.5637196165027328
0.49641830694898553
0.16403914365786385
0.09563315781968817
0.19138574529217892
0.23447620806079916
0.23209099777403128
0.24097520000447756
0.21650822795543453
0.15697685899797653
0.2212801859622234
0.17794083631561997
0.10154822280795166
0.18244135112984122
0.20884302035658248
0.5105885619887656
0.13836079455419104
0.10218295891397411
0.3556317561051804
0.34239249569592584
0.25708330390054196
0.09453625761692205
0.14502706768111243
0.6896294231772423
0.1724959402189954
0.19617327641624402
0.3466023845890318
0.31477282768626574
0.0971526270009224
0.30908684787465535
0.7095452483993632
0.3108190690513409
0.13866573272670024
0.13694426681069166
0.10165664218609097
0.1161457441364183
0.13833728823939453
0.20047876466949566
0.25579842097966643
0.1996635600299792
0.24244450533673248
0.35419068319239766
0.03610274011576947
0.28460946231643103
0.5080885405848191
0.21367989950031188
0.17461110750900052
0.44956749129438256
0.08724837823599357
0.08853223887761724
0.14102109378047611
0.1132921838614974
0.2486455563801931
0.2569038629870664
0.15644189810360232
0.10498491318975531
0.11984259263343876
0.449298294180515
0.449298294180515
0.1543712570605932
0.1554764255359588
0.16595036546590378
0.18234833344462112
0.1406328801253776
0.14368285392724695
0.19457725905386689
0.1715104537014211
0.25523419036645895
0.3338280430742841
0.5957322745481388
0.08393477688615651
0.2669767038875746
0.30285806583950214
0.2260557295059249
0.09016935061444317
0.14928414816226288
0.20052320527087134
0.22584358083168093
0.14172595262082455
0.17195589928355737
0.24506748345642343
0.19626650548258226
0.15860366933303593
0.23421646592207296
0.2803135478132713
0.22754935116561692
0.308225104056662
0.31956042784106514
0.12971565310207991
0.1511440087824652
0.3406391863252826
0.2753908500846927
0.13092746383691198
0.27390648607765833
0.1857818969477481
0.15481282387014156
0.10821217612754987
0.23503695246153766
0.23496537664539105
0.3251725969751861
0.47720538983010924
0.7537427745144355
0.19752351174532778
0.21407131451579767
0.18476256686984374
0.5342756612586508
0.32881568290272245
0.5500719067940619
0.24034070669581986
0.45243438779841366
0.14995210702355233
0.4241216168691023
0.08852800406667029
0.17159335691251404
0.1514917276476748
0.13750864577126234
0.2457225218779721
0.23796897832695543
0.12904949919822215
0.16684722074470795
0.13794286272345868
0.32410298946002286
0.23475939561268228
0.15442080090629207
0.09227288220704014
0.14701414512228422
0.17242329522877498
0.17872497038396556
0.1801954438202806
0.4392797105959519
0.282960618686964
0.08120325740523054
0.2672236066952527
0.16174587649503727
0.12176762184766707
0.5939510075031764
0.1466217177458498
0.3265323024620344
0.2174715290040488
0.2919218581259424
0.22913943464147885
0.171937077996664
0.24814701803724185
0.20490136942854076
0.11031330083121792
0.1905902461043619
0.09314577887008418
0.28390750165697587
0.32488568691446607
0.13582781954152387
0.20448055602155127
0.3988060252429221
0.19605566534193447
0.03958948391402473
0.1516723863899766
0.0915045055185597
0.27798767025665044
0.19646653128689517
0.401145885638777
0.29136320347345446
0.3004064786394171
0.19964497895583153
0.21765298457574173
0.5261646979419355
0.21637466034617459
0.16944984643240243
0.14880613372893667
0.19043813606390664
0.3604136438253954
0.21066388606654832
0.40358087775272206
0.1869569492434096
0.26939400940061725
0.16380864344939566
0.1790050275458345
0.21989079954133026
0.18807382333334324
0.1984748702612307
0.08434121543678272
0.1469986828002946
0.31878836914279274
0.2546102138967274
0.0640863498180223
0.21183906471047875
0.17656793440143245
0.12365034364148764
0.11499857857099649
0.09137165253986956
0.22482874362556995
0.11009786557514235
0.20582705020015232
0.5851727809994103
0.25576365413439306
0.306599577948085
0.23499119171540178
0.15649617835094554
0.332666880725726
0.3412327650409922
0.37097012918366185
0.4153222036035748
0.38986532764753706
0.23714750494269496
0.26738990446322736
0.3877990936545783
0.18004259906723563
0.09739702565595118
0.12949353400371816
0.3692792663156622
0.3349057727593354
0.11025378545744671
0.11955146426658346
0.23913613248326374
0.1267281989372875
0.2821608256310763
0.18738949075553027
0.19985679718182042
0.5172809522551706
0.34653928667232503
0.08034239401843499
0.14113108122087464
0.1731000748607408
0.12863335156444508
0.3716677325697889
0.16679565043226696
0.08242286924772232
0.1666268969683826
0.15298239955991083
0.5951185026765848
0.11015679263245846
0.15377866227462939
0.17841711824767578
0.1384006521176626
0.3462587666229389
0.21182333749887322
0.29615885235255185
0.14116155890264065
0.14876600038233687
0.16321461625211198
0.17377931667778104
0.10006040565879153
0.5023325676566786
0.231299788386943
0.20506725980170398
0.33122498266685996
0.30714932190884886
0.22406289700644363
0.45006086951970375
0.24238722408506738
0.15210360965271738
0.10994150611897352
0.22568969721413773
0.16419036608843912
0.11685404417131993
0.16567668282087927
0.07781689016619091
0.10233752948316396
0.6755424720555225
0.23171879376320967
0.5127058683994963
0.32269316314012303
0.1118225593783881
0.08042765276679187
0.26888377775351907
0.3324201756353438
0.1444315446071277
0.20799537859475087
0.2612349032599405
0.16469984151342792
0.256676350627497
0.09592378556334061
0.14488958816641362
0.3736177259389991
0.39578810896302685
0.2689077950008256
0.5307086974688577
0.364556295383515
0.30933662217986474
0.26353627648038314
0.29611131730653634
0.21028701247204995
0.20766105656914685
0.1642771070103726
0.1783998903773277
0.25727151744703697
0.07988404531065801
0.31490487003795226
0.39939078735520345
0.025069875587320708
0.18867534005610598
0.18815670894023254
0.2800659121477961
0.23748125487559552
0.31055409477153123
0.49106760230772034
0.559063117183219
0.40377170156177095
0.24177231396597396
0.281840719087345
0.1181367694084315
0.5053886201827541
0.25482563762143745
0.48651094445625115
0.20448790542833467
0.11912971105972382
0.44495583916715914
0.512850263217278
0.22602327341955444
0.15757311350062875
0.18377435821711208
0.41834570642471114
0.45792744581762584
0.2728992842574983
0.39074371196254437
0.21148705376107696
0.36501275304846986
0.1180543854515662
0.25447648809396856
0.1932610076304891
0.14260152317283664
0.4082779400653904
0.07784757049364038
0.23054136342767204
0.15700271668301577
0.11026869863569852
0.17083801739155097
0.20946399355996992
0.11413500083501243
0.18596897075201263
0.20089119970945024
0.3623141232113677
0.17357457304190674
0.26869564450854005
0.2944156046331813
0.11048232152677305
0.5503503990864068
0.3277051862768984
0.32133597666732994
0.1514442102145553
0.40277572942007944
0.3186069801472442
0.3405784605600007
0.5946787392157427
0.16438762240239413
0.3505749301416776
0.095618805744803
0.6110138803408459
0.3115607457202703
0.20048576049608605
0.0922537658921175
0.13523747415742807
0.22080535358535747
0.540788362443778
0.10456464570340582
0.1596741059222646
0.15703232148056817
0.1842070977211814
0.13923932782989384
0.1901374864042629
0.2720577870971091
0.23255183687818345
0.5302870471237756
0.44586025600482887
0.2836322158709621
0.36219574669588983
0.32927604848546477
0.23035208158385184
0.10567089988600264
0.5170882208098335
0.2976945770132208
0.2512956228751697
0.22699857272930762
0.2653507150206357
0.5433323890419294
0.3323381751356193
0.44790762303225706
0.23006854996501552
0.245784867432809
0.1762600047718998
0.3805573239915224
0.28440416296888965
0.28514433030332353
0.2261676283670845
0.27812614174405953
0.22553827446002703
0.4884252058242092
0.3982173078796868
0.4145297182923282
0.24044252053765847
0.4176162356918087
0.3230844001916308
0.1315917906967272
0.1833712547096068
0.2564888679681648
0.38507569837742595
0.5520448306104678
0.24818929854371655
0.6056061164944548
0.2955943816090388
0.3494640928963921
0.14152264789424798
0.14449064836297007
0.7328266100425983
0.16338893779717859
0.7265487215997227
0.5756804634074838
0.2599940357124354
0.3795917289495483
0.27504222121294186
0.2003995003639976
0.18742934588471324
0.2420173970639127
0.27820959800627043
0.5576285539598549
0.17249128038185318
0.12019498090398047
0.27678661283313066
0.2293652676798834
0.16304649131441407
0.3540176545683584
0.278787124738633
0.21552130805225744
0.32014245020238863
0.30307305389446015
0.0835095603014881
0.16869697113557025
0.15971595425300772
0.07758265012769175
0.4432466923822008
0.5957740395637144
0.4005447066968415
0.6672197151301082
0.3526849804261757
0.43280040947643217
0.29191663100823645
0.20199218356912396
0.2986257874292789
0.2602361244879517
0.29152233152150253
0.30647559615583847
0.2368351794846639
0.26885391671953807
0.09183185969739807
0.08727094620042487
0.18349116418830527
0.18695594605594335
0.5744807285163918
0.61664812760253
0.13726002764575565
0.24471378024768892
0.0813717286889289
0.2410354366621826
0.16276308018015706
0.464826031755233
0.11209430497150878
0.4018686693285691
0.2377654185772662
0.20285486391748014
0.10811115125140147
0.19083941137276275
0.3064950623813277
0.07614122191803281
0.6649995091615534
0.24904023728469524
0.17636219890581223
0.48933821879916367
0.40073075779891143
0.27253600730037486
0.47429385150108644
0.17150433820087535
0.5611964634486283
0.3441106662076712
0.35738628458130256
0.4010490819233059
0.3592641086921509
0.21116754579449706
0.28102153885770154
0.27425479556481475
0.44167803310038306
0.4225433201072463
0.3883882781050052
0.1777846505256765
0.23428865220756806
0.4611086292729787
0.30410289112945743
0.2036322550597247
0.38960399297782417
0.1563207488375697
0.4845843601731891
0.2766670888276326
0.3840246443417307
0.06843519024464291
0.3718071088721453
0.11073865795734417
0.42523439110311567
0.3068158796732787
0.3813484058012851
0.291497045444403
0.24599800316819057
0.17579097821395867
0.387123576128592
0.6541709641697617
0.2591555254641226
0.16838678314574743
0.3787840638090709
0.4301220214917546
0.22962950014803168
0.21898483630261378
0.23946077809741534
0.1965274903384418
0.5770332856870536
0.27573226316459387
0.16041362241365897
0.1142980496707128
0.20066841347131367
0.22031670894955835
0.12009037750946767
0.1420168363432623
0.22266979576460527
0.19705575898289127
0.15631994555629117
0.24055176201220138
0.4759931821219567
0.34553377017298686
0.42896932888325895
0.42406358723074417
0.13196861924324374
0.3586836821407515
0.13121184538407146
0.21594206216276507
0.2586710563791127
0.12344957140035477
0.15171341423593473
0.5692765273476915
0.6114744643566183
0.11573317339667143
0.4649287810515141
0.3528781671427359
0.3608796395992261
0.7579715733965711
0.17061517326274425
0.6819205768962237
0.3613761259078417
0.5881914169988126
0.3696353881982239
0.3460906584246154
0.6099043796464737
0.11798241730572989
0.12190966604098954
0.4191311345447055
0.5148279004808655
0.2239229322837625
0.7144683980116705
0.33200313917062874
0.3693838074173313
0.3275845246978437
0.4887786480813006
0.25027144492070874
0.40301785979665417
0.1893245786796651
0.19946684094296252
0.5436896987308443
0.3217455375696871
0.2665684416243871
0.14466935881401077
0.11944073910309137
0.4580438088075562
0.4993947945228313
0.26140923577827085
0.6194539192008155
0.4154897743702831
0.3194858572228383
0.17371912809742715
0.4729773388075346
0.5927002527859906
0.35604459769847435
0.2024158610869558
0.09956011780018133
0.3508298822230599
0.15347037332318217
0.3397952503009007
0.16712567566970948
0.21782290521583153
0.15573306026365438
0.591779305703716
0.4143765033143363
0.2886619061466821
0.3358238147006409
0.3169949605805259
0.21382945211311677
0.1485284183777098
0.23251992735657837
0.4914843686055255
0.3649772612297677
0.347687479691487
0.6377689688190662
0.2432026849764107
0.14532286638797146
0.3121380285331086
0.5072724018821767
0.21333585758846904
0.15279552026019153
0.35307930824127687
0.700717365962967
0.4340052412696669
0.08231661999693222
0.15207338316739652
0.1630090671503732
0.07912320470578399
0.28297219424973086
0.3180906813740599
0.12995069544872548
0.27734121490288743
0.18602961130062018
0.136107924068419
0.3659704785207486
0.2617060406131978
0.3295005159715868
0.17720972171238697
0.08869765711998617
0.21090697609076425
0.2474584047372856
0.15594811938423103
0.5324521298382489
0.3106620611419506
0.11334000166715263
0.1236864116517152
0.23901822967089886
0.08231612146550599
0.1343196049482898
0.31058109518850485
0.1231503948324877
0.10040588426414392
0.3320774939979906
0.5173560167210633
0.32213322000776806
0.28675561063597055
0.3137037534527506
0.24723538813910426
0.3398364809704285
0.23733073520924217
0.18648272394196236
0.07969835181903417
0.28033231430868316
0.2413048332715782
0.2346430405812547
0.29705024882951786
0.2574677009255115
0.24162533977790557
0.08254791720984618
0.2649688821370447
0.13032705746878087
0.10924036355195038
0.28144412492503335
0.17517559692134696
0.09915402082485512
0.14736797370246865
0.11400873179681355
0.17308510728490314
0.3065957514592008
0.119661403242165
0.10596058808358844
0.12318363466566312
0.21060426684173292
0.17787947327771575
0.3878663196360927
0.41496112837483246
0.19289033671299138
0.3146264577526445
0.31921387513705685
0.12016166843664472
0.3569247311210907
0.4329878635216783
0.3073041650556113
0.14985767520445326
0.16733527483110958
0.08538589168808047
0.4794052841467305
0.1658613099872159
0.09339494907355322
0.16549563055026856
0.12710787517199112
0.2534231669089546
0.22403494285157324
0.13317583436665517
0.07748208013246108
0.20988626901094934
0.5107476246660089
0.38564631669557553
0.28361154444009024
0.2006500859146262
0.21916930181476932
0.1396584862875745
0.42843563440895105
0.43403327030784117
0.1641943145921053
0.18228684856517222
0.17554359050731622
0.13333303271040117
0.5911889801594978
0.517945809096115
0.3507951563740461
0.21173156413495456
0.21322199920947058
0.18782354645657945
0.17297987078978821
0.1531386220782582
0.2673285634481254
0.2417960224037696
0.4044136090237043
0.44820564668074864
0.3812712725628553
0.13398735845420098
0.1336131869958161
0.3421749748456931
0.36320186075575306
0.308829864310824
0.1970845750021196
0.21601191646789805
0.11430734870313236
0.23555959477438226
0.33274295346463395
0.16855877212011916
0.1098631991305261
0.116783499851201
0.44732331603363984
0.09217331931322277
0.6801596762621377
0.16155156730568773
0.17522965770019147
0.2329263073498062
0.10208364193287782
0.20464490788800388
0.09691955509702184
0.08178026438011526
0.3534707306116942
0.2621555452295345
0.5300112652296234
0.12227134973213193
0.32920465486132383
0.3962302098587499
0.6530892593829404
0.7191457367019075
0.6099285470421225
0.43451914982525547
0.6079647979146418
0.43603725172210717
0.38210754699459604
0.36876329559153515
0.12818238806377227
0.5972743337443899
0.69637523510211
0.6217432670401483
0.31888615321576164
0.17159101716049674
0.34338779658175356
0.39663949532488524
0.24434918925023655
0.6018084467352891
0.3609394174512225
0.3230870412053813
0.4147265657738601
0.7013137382316927
0.45406512018941947
0.40083622483368514
0.4064823042574629
0.36576466756513615
0.2619694300739412
0.5937992615385125
0.5108683737380354
0.21129315511721983
0.3577412457425208
0.3151691285751689
0.15046243696091988
0.3799061173405699
0.1896856158985475
0.20831894908844203
0.15536268729970173
0.15515700044505099
0.40808287852106645
0.34035930927943653
0.28561272207349914
0.15978854529090653
0.19853832821842438
0.1311099977945047
0.17913245717131848
0.18643966499287165
0.6462448211562186
0.46848311642219825
0.23724156327998716
0.21803371714512879
0.14132297295958188
0.19458811482576638
0.33755876090978126
0.24168092593283014
0.1805724334677381
0.17589549424310075
0.28133996808287237
0.2540562593609222
0.3173567115544614
0.28103519643349584
0.3170176732449044
0.14558790456739587
0.20312163583709722
0.15901271316506546
0.7059484450027458
0.1459797291654745
0.1471750543150979
0.725469720489852
0.725469720489852
0.43982666190072656
0.08265901065270762
0.23335637801706716
0.488514363914579
0.28331426718509567
0.1518744054975855
0.30135917057120903
0.6460889609586686
0.15744952953361058
0.2770411968299548
0.22735227350327103
0.3592382188013553
0.04919653638372534
0.15090200679285196
0.09887859002635603
0.3458272212806917
0.31708451856208536
0.3087808038556511
0.43156341819547367
0.5430047614242446
0.3901938109518859
0.14098597608538027
0.4880266560335058
0.2795136603089919
0.08874690552180318
0.1609497430061148
0.11540378479444749
0.06859457599824968
0.10326792542069078
0.07189004602981712
0.08522344272720965
0.0996395072339634
0.3056552882255358
0.10346241548592751
0.09217686700215258
0.6504358923261333
0.6668908488051309
0.28943659193664933
0.2494141444938812
0.36289618831518455
0.22150853083665079
0.3166665595401925
0.16341623154203835
0.10294245052574169
0.16752807181254065
0.12003515629989686
0.32843012878260786
0.21276495751299074
0.11052570714836452
0.2990989349739192
0.3038191082325537
0.3693666963576786
0.20588882598863928
0.19067027658978902
0.12643680887383563
0.27413612503861523
0.16567908229290532
0.2548327816620083
0.1326360131522137
0.1966523467469792
0.28736810911906163
0.34761204947832164
0.3768102247919748
0.18592796170278592
0.38675580135704246
0.3223165488918373
0.18778846631889687
0.1882045707606293
0.26053924922708677
0.41366823612319165
0.20650611987772127
0.5021581352890477
0.2086818121166726
0.2202069296194791
0.3644120924476409
0.3595091706442172
0.1485344198259641
0.30168390921581417
0.14898661268347846
0.1992208948984843
0.221887227534995
0.10751636796746654
0.11920390208128664
0.44081412037507484
0.18345308721625142
0.24937034987613543
0.21052664622006056
0.22910856128693405
0.2646418838522775
0.3300743780254968
0.35014385759735867
0.30207315581659
0.1700457676739708
0.25400357140829916
0.12425308425554701
0.21098491362888255
0.1889279094537847
0.20336498762613048
0.10835957177055569
0.4093862410985535
0.30156764147679405
0.1393749335093286
0.2732979429623808
0.08182380369578979
0.08432320166788998
0.1729788079477031
0.09587600019932141
0.14172726449249667
0.2607686769048775
0.13080589850537308
0.06879274477074698
0.16204635192600386
0.2901352707888409
0.3760508667805196
0.24428303190359757
0.2980806214004853
0.41518082480709884
0.2288995460836015
0.10700824349231032
0.202358598553446
0.14884391983854853
0.14011585272431987
0.11018756826371329
0.2518126661731906
0.10027222114669719
0.3436464111166307
0.3038937723752352
0.09420086632874501
0.07921158910050034
0.09646120773415791
0.09204888924274157
0.15345939858140203
0.1148847577396816
0.5440342697960459
0.20776687884504022
0.21837544442634474
0.44379459922228165
0.3165499942419235
0.3714559090084349
0.17020519150440908
0.2698247856385986
0.22413603275681998
0.6519121304674349
0.4210411228548067
0.34940095150780337
0.10224640781060534
0.08221810246202452
0.35859183990988247
0.17864774644707027
0.06684614983969522
0.26124705736679704
0.11552996442798101
0.1657021348628518
0.3058014208484141
0.2687318089908116
0.09326858534394547
0.24212918209174317
0.44666513189563795
0.31035980106589284
0.1465442566134487
0.10276143347871264
0.26877252928854045
0.12423828405941292
0.24224682704993067
0.18767454869605252
0.10599252771723183
0.15451393599026125
0.27969810295270114
0.25705106186303056
0.533313595561726
0.18061527425221113
0.17477426619433678
0.17088782480272124
0.1794940026732197
0.24235847997801002
0.1449078827824914
0.17780488797668753
0.4799899486494791
0.5342599188206459
0.22994664290697645
0.18444745148677785
0.19878811555790832
0.06873346830953597
0.13189467942927613
0.18263989538191938
0.13713009823113798
0.2636062513309315
0.2568190852897846
0.4290139225452981
0.557715191842478
0.19240463510172987
0.10574429604692014
0.10577146159606157
0.11160605149563291
0.23260524807648514
0.1542111385627929
0.17432897571842204
0.4288907701612567
0.2939238437790952
0.3586958517420205
0.11762827379675085
0.5375375994789439
0.09964561681322719
0.6452836042269762
0.6312500777802164
0.23822998208424145
0.4141848341801628
0.2602633011983289
0.5297719528320814
0.31233099594677116
0.3070293979290031
0.19977135158714446
0.69637523510211
0.6239158060799307
0.250111061719967
0.09387514046791
0.1853004031182876
0.1216433607575727
0.15954108774713002
0.2948157532511002
0.2760566903663797
0.34650501126322514
0.23408010929644651
0.2546374968819439
0.3798831830978776
0.23278111653417297
0.15230020569195774
0.13583505436830204
0.5081339505722756
0.1941428955773668
0.23299612566085923
0.49799306830704215
0.6478108730333971
0.33840124495895196
0.44111954767826983
0.09921462544945983
0.45743109665715787
0.28398660939738013
0.09192313769777041
0.2653119987015219
0.306614151815712
0.15780495495881702
0.2544068593505064
0.2179950328375554
0.17744671895380928
0.6818838896359449
0.3472598859288565
0.2592986378503407
0.3717157188097601
0.26886457053442064
0.5108934259964251
0.5083246853580258
0.3105381534025396
0.08293723205067384
0.34147198156356184
0.1507697031327905
0.27677026157914714
0.24444735055679592
0.15940770491197379
0.12754903966199402
0.31734522468003123
0.3487126281488765
0.355425954528932
0.35485820414757874
0.2229390284543133
0.2051518668111377
0.10510509624587025
0.07950293672821032
0.1562497197735194
0.13082124128651643
0.10885658391038158
0.16521081499267185
0.14437694444954402
0.3419076383512103
0.37404879977798905
0.289633569020436
0.18796194381908396
0.6470063482401378
0.295089162470795
0.19118147035435018
0.153050326494201
0.39623425691110875
0.19327878405087462
0.12497383407707371
0.13383599677463928
0.24186534491030404
0.17146633307966402
0.5277555611931329
0.24499800823410312
0.24135759662668452
0.16473181311428414
0.22312991994357745
0.11000628118240736
0.1557294177340288
0.1244470173539083
0.41164690349139876
0.3663566583252921
0.2551910270167243
0.35886352533956545
0.10055269647231077
0.3094874826032402
0.1646451259500498
0.2623699660531616
0.11437634410821784
0.35193591884297143
0.07886640765011392
0.5800551780563086
0.21395431464065803
0.5771803969257366
0.5402990424335763
0.5136150504203311
0.5182193397501395
0.344185374002577
0.36707731489388007
0.566328990330765
0.39271662176482314
0.29675362669990224
0.25534587913051504
0.2262969571408236
0.2222597457764329
0.129418588674557
0.2418858444519727
0.4039269193310416
0.39725401896445073
0.22544679332380274
0.11428345502368455
0.4196361765573326
0.28849214080618824
0.144357685093016
0.5397509019572625
0.40192844490253743
0.31705018569673904
0.32625803914496093
0.1971282800211184
0.2746667116797659
0.2672317430637573
0.1943023039105558
0.24138820735276403
0.6553643324210803
0.4262357108222104
0.38397277639312294
0.6444192915818641
0.3790969366637084
0.3844639628015975
0.3781811932978433
0.26987344182152967
0.387372360599764
0.27019325133465677
0.23287405839958034
0.3790588905711972
0.20541941802949676
0.36900316584090737
0.14634710380266255
0.20115190373277292
0.3813086679393706
0.12890389585640952
0.1668715754327973
0.5845454151706994
0.19980023621702805
0.12362051754817589
0.6984884482546097
0.6648024127850857
0.3184453609727446
0.44855841546823344
0.47153793583016
0.45900938782990575
0.54443269502236
0.5150132484698534
0.6603621310246008
0.40920813124938243
0.1600977206267098
0.33978928996176183
0.14354563966780384
0.6250735289168428
0.34121132911168184
0.4327492314254829
0.25157492521928626
0.22443987912776933
0.37117258359296085
0.18076643700447015
0.3583225531825453
0.44190798417830174
0.580586143828868
0.16888858209952523
0.5818203216398679
0.32390533050858156
0.30914720054109096
0.39869230566740393
0.21114949907368888
0.17735567803312496
0.3477310008947045
0.5025771646627637
0.26893904411400227
0.177534026246058
0.1233338872741174
0.3199520204592398
0.21106479753616486
0.1877464186615975
0.19966230030121274
0.19653136264296645
0.35131839311007856
0.3406601043858485
0.40958991642768566
0.5025793416806053
0.3101306774015902
0.23570623097804605
0.6498067750253929
0.13518799662110115
0.11314237893861308
0.1492807634392285
0.1810896786829068
0.37380754998577176
0.09467112325825015
0.18615535929313207
0.09817863857622007
0.16716952959110346
0.20751762776859461
0.07047130574300764
0.2827289762977522
0.4077417533337515
0.18501534828564634
0.4306418315752604
0.5079651203062843
0.2846697150813109
0.38744196877367476
0.4722197782901397
0.41198813689625174
0.11521090462126136
0.26821233622703616
0.44266533894868826
0.3895233001831926
0.20147935633642963
0.16603301975082357
0.1767509452505449
0.3858187652836052
0.181961228187761
0.09662445424670144
0.615818999012819
0.24069009103086758
0.6925173782639684
0.26287222389485915
0.3588658292561125
0.4809830633183442
0.21535242051677134
0.07014445661120353
0.2529721320508905
0.10703976622052327
0.09702342485299481
0.491320512492207
0.12546518289451936
0.2970116587324818
0.2711861943850355
0.48181349710626137
0.32598199253330457
0.3006739393112624
0.30881404277189406
0.3848809817506153
0.36235591297437486
0.2702635988757921
0.3343389202801426
0.6823999842349873
0.5061268141708969
0.18033410174875208
0.1608306620684875
0.438588479363988
0.3715255087333635
0.29418279236084854
0.1902509576281296
0.12044381472116739
0.19913061138050997
0.2963502022247963
0.10574152832080712
0.24208273292641777
0.17019852247397674
0.46381236911068247
0.43398534542324224
0.5143953247238927
0.18605656797738276
0.2671566669262524
0.10100040678998709
0.1875849761886336
0.11641897256659405
0.13713588804339158
0.29414127101773196
0.37526154722317134
0.13711313390271562
0.24033541931565455
0.3513223338222919
0.3938241155572061
0.4015541912207141
0.11318945352522038
0.2178217601964063
0.38670092880624696
0.26214035484895215
0.25005733593817575
0.5987307952762545
0.23027843390756872
0.6990113819003217
0.4561349063875481
0.09424879823745544
0.13782438793531554
0.13015413266326786
0.24896041106331127
0.23205933986443802
0.2271052919604205
0.4028354785363102
0.1487365514749863
0.27953748962133756
0.3603866658346953
0.29098792464883394
0.36206139053971986
0.18844078608564874
0.4016647328364754
0.36105621268589827
0.3142204397358959
0.36224560561054125
0.2201162252895147
0.17664326976085915
0.12791380708901548
0.16426734282733063
0.13642321148347905
0.2998753772951852
0.1794196143757382
0.12387424380385158
0.23471948104430332
0.11690887304403452
0.17183829013984966
0.3298842928133465
0.4700166212450344
0.12764303169536068
0.13507634810628097
0.20220663662670102
0.16063796333134364
0.16631840248439714
0.13422194155658154
0.21336791556744028
0.12340886020152422
0.13041612502372707
0.27193988953273074
0.18466165038533386
0.42090259547186665
0.5861434529999927
0.09682073396486662
0.3064072133671235
0.1919545392647881
0.1466081622466676
0.26335035051132505
0.4593931176825294
0.35316026682594
0.3695600430821267
0.2695897506943368
0.16090421335505675
0.49054039318342957
0.42004153127628346
0.3142013435461687
0.6100678186933832
0.37766892335904023
0.26350476072353474
0.4567847293945686
0.21954324693097985
0.2843009088884929
0.17980661038779877
0.2763147548643448
0.21507669047273292
0.25727151744703697
0.15753443516918342
0.11251039287673645
0.10658103990188905
0.42373188123959393
0.27144109876089195
0.18292381826160603
0.13579621306802556
0.16210490738372102
0.1909757004189682
0.231510637306478
0.3230174163638523
0.5418996884335245
0.3617452449547504
0.3327886943532893
0.224201070962896
0.23796476777257336
0.2634855725600278
0.6497893838773366
0.24664462504376689
0.5583769960700441
0.24085823991846933
0.3531393116112582
0.25353452448040154
0.38464593228132177
0.07046203800868218
0.2807020004481388
0.15316910190360267
0.4013724742903526
0.2648965935429876
0.3616453397751102
0.27194638413287714
0.10792214597244963
0.3458319234759797
0.653489146718959
0.19059001769257547
0.1730530816387253
0.24655899185002145
0.2953206701044804
0.3266407321673948
0.39944605364138674
0.16623805132187325
0.08559419977271773
0.26787116379059595
0.4601186066334918
0.12624403850446023
0.10520615895888297
0.43465766082800117
0.20229387275403793
0.28082466459366895
0.31444195606380715
0.1310852213861836
0.15384049710216177
0.2889789482614399
0.2884902613465567
0.4094802135203628
0.2320236487564457
0.07459154708131567
0.24797893102493668
0.1871355795714569
0.1201262955044594
0.02932258527743456
0.30970401810668097
0.05079237642525031
0.15311211947801243
0.22463776164793592
0.3491871953355523
0.2677878236187618
0.170283834850936
0.12250407516790719
0.6706554508208238
0.3243432568300802
0.24705088642132772
0.5851476670261933
0.18788035255030908
0.15845469625277345
0.2231789294064063
0.30665980263583864
0.2365632565912418
0.30117803424085937
0.3811636086055685
0.49504906316324504
0.22906250065662306
0.06530916161287197
0.31819458665718536
0.12469220779814824
0.18873251058651477
0.6057786403007532
0.1294961815310387
0.12537814041705536
0.13265552067333963
0.21827744690134834
0.30665983590866863
0.269286987470482
0.0810379509447265
0.18094457448037962
0.35523102221825065
0.3057203001919116
0.1877686917068903
0.4417291425173227
0.2606675263855543
0.37259613922133
0.10108645399359167
0.3278506758204293
0.17212746318498068
0.135738080468181
0.18583870401814356
0.21293523149718258
0.18131658079144972
0.5879296455766172
0.10038164658021012
0.09527213434551451
0.09626094202528179
0.3610225654424397
0.146010318436011
0.24511498086650602
0.27296173178110594
0.2644687846084442
0.16967784901034344
0.34305025146533846
0.1295439539387631
0.10178467577889358
0.1033110697018164
0.14599150397807195
0.21686368483723353
0.36767332420469073
0.21748006598494288
0.3320391664209315
0.6480377396193903
0.2433809895172032
0.13298713991466685
0.18247780577335115
0.18972370603456604
0.19512538082055492
0.15939216116975913
0.3713231211889269
0.25942537383080494
0.23015396873400937
0.3269730061098951
0.4090054946256931
0.27589316624333265
0.1470606389904763
0.15155618581897795
0.26679068983492793
0.4577951845288131
0.3444376481928265
0.4417642950764043
0.167049812861527
0.1430077956620457
0.15108059412458022
0.12491003420021346
0.41932634153472736
0.4389131220900108
0.7215543654526885
0.2990533364403627
0.22757363272179917
0.2518187617452127
0.594050894720674
0.1911724241977249
0.1885480681923376
0.09289172927238912
0.172178215563279
0.12766504367838963
0.10708766566003194
0.26903014661758134
0.1961302880444354
0.12700817006693646
0.10274571005762967
0.276209753813517
0.1184175509900517
0.10728646409964475
0.17025833017245462
0.17860138602483297
0.20371473570644288
0.1891995955754682
0.12300667296011317
0.09554653006380903
0.08068636571925396
0.1718124492997479
0.09615007298156977
0.11099456349700823
0.4870663944594179
0.21144285692323442
0.2619884620462473
0.08919589896994093
0.098195476241868
0.10750442064212083
0.12174558671675481
0.1720263270159017
0.06892853172374269
0.11744395735422866
0.11364237758420673
0.08302128322254602
0.08246848220293432
0.11776301932091818
0.15127780155952006
0.12244710178671891
0.2525626658130787
0.08909609577739296
0.15761749996182317
0.27468064690566146
0.09741166872384184
0.4341267080711318
0.21457441765015478
0.15538804631697217
0.31075760225514193
0.10275561610042247
0.3525552787744361
0.2062832349680433
0.24128463700071381
0.35502878941642757
0.5770776648238533
0.5828111808925273
0.19903673630254304
0.23703585363238366
0.1302624109912114
0.19011362101283577
0.29078304498674196
0.23550622309324995
0.2054967699277097
0.2174272472074118
0.31552132198671645
0.5072035029474171
0.216560548634487
0.13212919865489292
0.347830274108397
0.13496177355996253
0.14983891188629417
0.12122061348637375
0.19295678523461268
0.24645084570431197
0.1335268382599496
0.16614650209368217
0.2898214381974345
0.5607751291568618
0.3042418367997715
0.37240297992648386
0.11682458887651838
0.16539512632531905
0.11531119387927391
0.12282095970263242
0.1233360982601483
0.12648738984407445
0.13702225904381354
0.2219954142788369
0.06282642392177584
0.2484328910860944
0.09310548494953437
0.08346900692538174
0.18965902095592388
0.1155760511492991
0.11456184663781865
0.1440482466287787
0.07872561150889233
0.18208693123469905
0.2931815832839112
0.3040472569816918
0.11397043833693976
0.07935076886708699
0.21539116995489857
0.34551028837424086
0.13618364008266923
0.2407096750436294
0.19859066868302222
0.1242108572378893
0.1373382696928384
0.13808836853727108
0.10925286686495495
0.29853627232368674
0.30837710837561566
0.18559614534579347
0.13948222468335006
0.11542061825941943
0.08671101748890915
0.0973217090514799
0.0869605381461385
0.13126238819607097
0.13360815443917143
0.1055977844586292
0.18165376643163292
0.22256432623759614
0.18789122452768478
0.19982724850584133
0.3688245898045165
0.4074233269580702
0.5102991028307932
0.26404672907451376
0.13466794600096724
0.19584930905745268
0.24717382089815815
0.17447139155298286
0.11617480854770268
0.11664151366144196
0.25014959511943863
0.3486615947107492
0.44093658363191046
0.3609182814449107
0.272698033121712
0.28824006008904335
0.20847253519661646
0.10387373331954754
0.25106486120995647
0.32848360356824124
0.18300039574774452
0.31379885744487573
0.10825654640469642
0.3125890102239004
0.16891822029554615
0.1642335146618156
0.1309724869859797
0.11335323717481657
0.1761573636063724
0.2868303290354933
0.1773084943462373
0.4671083897927813
0.11998857338172293
0.2941764495726915
0.10174938057803562
0.17075570587187774
0.25015079126699846
0.19210610333580647
0.2605144907057459
0.11639028409093666
0.09037671081564265
0.14254531424848016
0.08099139392042709
0.18811686725400048
0.1717605185576513
0.1795794966006104
0.2817780959398255
0.22957622147775017
0.19330242137368311
0.1668100575566515
0.3871425888948603
0.1639921846523805
0.4554830172889644
0.10465600947466626
0.18523104083574476
0.23981772467839205
0.20715946714520647
0.11515178574245498
0.11784227111100445
0.19190326633549865
0.17338479334257922
0.1653593781205613
0.2966476669442232
0.21818320894421353
0.4625245250469186
0.09844447900380428
0.47505970572443884
0.14561897472089033
0.1352289936611843
0.13451551362582304
0.06886718759178886
0.04691456628256701
0.2795173004476685
0.12745527874097126
0.1906817142934514
0.1883149426465292
0.10481110076430612
0.086332808568871
0.18785757047816767
0.15173957612717195
0.30096712248979507
0.3640849449137929
0.254626958870469
0.2619038704179209
0.25351741261195493
0.22439145201911007
0.2105627325862404
0.12405160640555223
0.08438967571173249
0.1331052280876178
0.09919482720616478
0.0975877263383477
0.3403731255934308
0.1702732995751085
0.5468331537480777
0.17011657685913284
0.38218942958707863
0.32534563424910434
0.12977808417399128
0.1153118577903356
0.08955057607395073
0.16069434778754224
0.21583096429497745
0.2724777912963026
0.2065439830715344
0.24920273567468545
0.5609764272737912
0.1924201715255845
0.18020997383738036
0.07464402916202918
0.23417256417213927
0.2854781526565202
0.08904902730433353
0.17470070647965852
0.10874353863087227
0.1718446173767171
0.15820448264278933
0.19188927142325543
0.2958368537086437
0.1414204986437168
0.08845648056396557
0.08955005156831526
0.15601292754658497
0.1554993010422021
0.35053371657103355
0.3397441611255149
0.2739275062358647
0.20981727702904907
0.22403139666100075
0.3355367588163614
0.4101060584865285
0.15434261652199432
0.21718381978745321
0.4922104770129194
0.2355441615145279
0.14617615304757703
0.1065390007186854
0.339265302862068
0.21829827825509976
0.09148381040112111
0.22141308411968563
0.2643337441359204
0.13001465554871267
0.1436705997992885
0.11448496902975865
0.13632434507839242
0.2592947926075461
0.2649509799099656
0.18417215256561326
0.13496031339870382
0.15396401851840094
0.14642896531666902
0.23951130308415133
0.16506465961216601
0.22988214164917387
0.12801614734831748
0.13554392149797542
0.10214797203415858
0.15657801561989582
0.18972697539188854
0.39375261752898927
0.18379334107641274
0.08050459256768934
0.08238638559076149
0.25514247572283894
0.09570859644004581
0.2600270154291325
0.09629563733877801
0.11715663554827996
0.09093616961846898
0.11546383356466858
0.10037317660502558
0.20627838597426787
0.6746687506890893
0.11792825115571219
0.10154276829437513
0.1059663695844336
0.08684423442445444
0.1799503431879391
0.4134582992461041
0.3268858152718036
0.07589962405607487
0.08541625965097074
0.30302122545575655
0.10382990526090113
0.2868625735140367
0.2817217671869934
0.08979926050932932
0.4303530645894924
0.13136320849380706
0.6473799214021692
0.13218238256692974
0.206520752485502
0.16208409536350404
0.09391256419893734
0.19709126656960305
0.6311071639843372
0.2748679612019956
0.41961384001530977
0.2756892117889123
0.17077647023203638
0.11428673063870348
0.13486222798401157
0.2504977652458249
0.14615936660050963
0.07416468673867496
0.15468413437439354
0.3076324745236724
0.2561299726266036
0.4172309638981053
0.20353974653108772
0.328584293131795
0.24259390954000487
0.37767863429760945
0.17929771234453917
0.17596880104979704
0.24323004620497926
0.16506956658205477
0.3187521124514057
0.13659155149455912
0.17009103473472192
0.11610442418953734
0.3436132320600703
0.1871974191749551
0.16780052634830095
0.1494311636288499
0.1757791959614991
0.15138896273672417
0.13343255784685143
0.12250672210517512
0.38704867564214035
0.38030581954312104
0.08271599060538862
0.10835514685197531
0.07730035788893026
0.5771965284053217
0.24003386242379718
0.1894232731148439
0.23082607379822406
0.1274118924917422
0.21405430022499455
0.25984045811367174
0.17117099069117836
0.1949045917571248
0.20186104750235326
0.27370274530069694
0.24319251871602107
0.45137972061470266
0.32977593286814433
0.07125327092700404
0.14093624227700735
0.14816639294349898
0.09451406688333436
0.268372338756556
0.21622051081910412
0.08429081709828036
0.08508842213240962
0.20762119101824789
0.30609778248942515
0.30393791659121183
0.20141486627969513
0.12047156098382239
0.15569654541341238
0.21436065843053548
0.16212256806888045
0.1648073125870259
0.11132475155275087
0.08231751550680418
0.1187950213030376
0.3691867956561556
0.40077078948911576
0.11696729931863185
0.12365242746634873
0.12427947799209835
0.18418982787135657
0.09710779364175418
0.22449593213627997
0.17181326458473942
0.17181326458473942
0.1616905343381222
0.18770549617930563
0.30560798434532227
0.20418343388414104
0.28838301190234844
0.12080334565586072
0.16420000611626703
0.5663703912952955
0.10658264694418718
0.07884052657722299
0.08180652658541633
0.1680435099065408
0.2843187487841122
0.12418083951009654
0.0925112432151955
0.12353960814577727
0.1180060981114481
0.15824634148280126
0.13160117902775156
0.0844091001064895
0.10999708241933918
0.11976085368589089
0.2475795876985468
0.05518165499050816
0.14363684448225372
0.14570187712044325
0.13217469340672464
0.3073117821784205
0.22167977349870985
0.16172582670039487
0.06816897830156023
0.3863608079872004
0.17516234253391452
0.15804444138265392
0.0810093517460207
0.15661358754317145
0.1307099743314011
0.13883458355841247
0.15801559952644578
0.15626555379724083
0.18169028730435471
0.14528469615137954
0.25503829467214445
0.31404004672875835
0.35562200601794813
0.15235352544626332
0.15345604716305322
0.1188057813455627
0.1533316299196326
0.10562223875229718
0.23256823942713628
0.10081815868263692
0.08887693442856964
0.11021433250216307
0.12786442561252087
0.15995820601005706
0.11183302576836818
0.10695529378500747
0.09658745264238378
0.17793111590444738
0.10198846543117297
0.1714299049700029
0.2746927578091479
0.471147295273913
0.2196236270643095
0.1752867783901746
0.09251487306556763
0.12031272747645906
0.13172248346801635
0.16369599930478967
0.1937061109994235
0.07348822740140186
0.06684327246711165
0.12127709274051061
0.23338713832059946
0.18752872535584433
0.22330357659109665
0.18885778454020277
0.1210407626604373
0.16442130588983928
0.16180853536024148
0.1332995138889873
0.23716665735157325
0.20768849312063595
0.28853783465231553
0.14736057093255278
0.18118980936852638
0.17511702217883665
0.26095722667835486
0.12117132559809926
0.3280475333367531
0.09701848184217002
0.2026298525377784
0.12388775100755234
0.2554223123146936
0.19396249453446954
0.29248282660484753
0.14706791729288837
0.11461362150560106
0.1371992508163984
0.17825999498399692
0.1926861693153608
0.11042545407396819
0.16505041866925899
0.17794670388811112
0.1641619437642664
0.12844735610169056
0.08471752478779554
0.16006477182198967
0.18240907582282578
0.12843987979279525
0.11598416007431393
0.20833104260708593
0.019161484185165115
0.14350645965768183
0.24300512852551592
0.14889273003028475
0.09946681071477698
0.1686092532349124
0.09723931079817215
0.15575932557831773
0.13046396764176227
0.32380939812638043
0.28602432544489215
0.09372489730429737
0.1623577156444273
0.6407194690492061
0.24487628409350376
0.23551985003245632
0.1807581236810598
0.22760786130307875
0.25104803688268473
0.13570571583262206
0.12596186074369903
0.16847388877441358
0.1321058146515474
0.3012544603333333
0.16494656896449705
0.1655076111108874
0.41504862456859515
0.2753290653215312
0.22476493499327868
0.17331510055568775
0.2739018731049918
0.28732463977280925
0.08389932377207307
0.10586607254434631
0.21122713195992138
0.12231685062490828
0.18745002099266211
0.17199159193361285
0.1678316354469655
0.25144409914270033
0.3130305071940645
0.27034272859973163
0.27446154073352186
0.12584865360789374
0.2999449412757606
0.10185945544257627
0.3825305292341629
0.09819953669394706
0.08134206241891496
0.19625567569688424
0.08815575083014426
0.08359394030915787
0.5038610422234007
0.11345389360109774
0.0702340636671113
0.09136119864733845
0.13488200406014994
0.310471198327963
0.3327635238448424
0.2554485110130825
0.5152085543797928
0.11347299031092886
0.359408995263115
0.24379291342676718
0.2760539051435467
0.15531132545352236
0.17586586301136012
0.2688569316360291
0.294687861215883
0.1352656461113542
0.17917145824919717
0.24139133017115882
0.27133854518973155
0.18686706531415131
0.15136997109199737
0.09061989403959045
0.15072333320632086
0.2291376571491064
0.2977476397678762
0.18866707473555117
0.11086876970923984
0.31761864151293284
0.10379690107713953
0.1482433932260837
0.15414015663356928
0.1652097483305475
0.16841087201017674
0.11577858298384676
0.22158892376920383
0.2503865729784095
0.3745876362005418
0.1802281935991851
0.12852598688027506
0.13581936836853553
0.1372125768439207
0.22754917846508235
0.11050795195984031
0.1407507079903298
0.11904118150482444
0.13257175078851352
0.1768021550975314
0.28670460444338086
0.4762740688729321
0.11383385773807934
0.25884260468476916
0.09299642308399975
0.11071150822024156
0.14276731219079927
0.28100995258351025
0.1767505915871625
0.10259642799761179
0.09598523153986077
0.07831936394190508
0.08252910415668133
0.09162606127753199
0.13150142594717137
0.09893869828761462
0.0902705862605311
0.3431600152246904
0.1548409044626944
0.2781680136252866
0.48576606005218576
0.1359875027177416
0.14733714359886757
0.09990606879485397
0.21969746942592333
0.11754509845841117
0.36960885308530506
0.11709853237548734
0.17235146288180536
0.3454813521625724
0.10500893570688262
0.6501947811706182
0.32004760116758796
0.11591620629532086
0.21372884766890862
0.2519942452505354
0.23985950134332937
0.2675160386480611
0.20826346440589422
0.0982498930098407
0.11258406157398608
0.1221453855628104
0.10687594899800397
0.2993016369417762
0.14109244199011173
0.2019252794825176
0.19677001281265508
0.1563860278363391
0.1361683439479696
0.10053994212689034
0.28329132162003345
0.11927636572663448
0.21829231159330742
0.125775592613756
0.16618961174237065
0.26050578434380256
0.16336456173721536
0.0965187769705852
0.3018051396586411
0.09266723868283623
0.13712220137067843
0.35129386933606216
0.21348724213830986
0.19073387718283055
0.17137849686210302
0.2791470189930488
0.14594412633632514
0.12499606308897385
0.114846588734474
0.10376879684690576
0.15496956681124208
0.0862815249175508
0.1881058556912055
0.1362003684181725
0.20331171529458425
0.13678820193267818
0.18585080130086282
0.4654514736538786
0.5595339138193373
0.3384021953183174
0.3029776619129635
0.3819949531125856
0.2365479853716023
0.2019411842477303
0.42872809222222674
0.15499907430293688
0.09888799121333745
0.19379713117595967
0.15037204576556062
0.3212850608888014
0.20980527895410758
0.09838984708679516
0.14073600120562224
0.15304692081215934
0.07874469739439162
0.11218844347982976
0.09282638384746222
0.4358843955482626
0.3921707928880299
0.18239129774269902
0.3399142570140745
0.19447816910633156
0.11984811076469662
0.17986609997582362
0.16504483605187872
0.07198194768555509
0.06967488626168798
0.10366147816879673
0.1038286710413419
0.2897583474191611
0.10020000653623205
0.2868928694389478
0.4203117650067209
0.2520293299682599
0.30101082786729394
0.12314266477711507
0.3105368913723121
0.3888276250535657
0.126499351755779
0.17958260476476
0.44621812864244215
0.11959776602200634
0.1381321191913086
0.19861135944515323
0.1656221518811112
0.39537948250442645
0.16432025385733978
0.14064944850863587
0.34885910182138374
0.43602037591509224
0.1022328764691528
0.25848584351262266
0.1760132898520161
0.29229916476013684
0.1065538295754096
0.2896772255298462
0.21810886331801738
0.28767661663783967
0.1710869720690244
0.29623903918135835
0.28610857853869626
0.12478339779439476
0.22834205491352877
0.13956894965586106
0.09285655765062086
0.25035395570399377
0.16460223452652314
0.31688970435754665
0.11521127751989906
0.272150903090806
0.2713219487053859
0.1506974364874913
0.5827870818755897
0.17672808079381858
0.3358389079935423
0.27001862494748863
0.3970581278851935
0.043345044914514096
0.2920009837094384
0.3018032387126072
0.2639306083110361
0.15609376543099013
0.23643719696428683
0.49995900672197424
0.22546520395788588
0.3983575076533313
0.43766498311768487
0.32759542833784283
0.26625425664916014
0.2417144827979528
0.22842901012245886
0.3728914200794859
0.7252596483344137
0.11865356496033963
0.19380069260425836
0.23072209252257508
0.37012267623323636
0.37990062470905944
0.37253063729409575
0.5175468916210345
0.3160270262194972
0.2403852540692189
0.10893527341611023
0.16019191331432092
0.12536055949828365
0.2531492778476712
0.3956114268140102
0.1726516403381622
0.21427151338859782
0.0836472701327695
0.10114364605977894
0.2558514563640924
0.07646517346420638
0.15692234092360946
0.08976540125205204
0.21321066345879172
0.06089629764779579
0.0784267350096894
0.15809359829532937
0.15753534504559508
0.10023097687633746
0.21791018512150837
0.11081282360373781
0.21432248117361888
0.08895475848382683
0.06486082362020891
0.09567714029016826
0.2964200167659655
0.16118457247996396
0.25337641785025344
0.2796875878803678
0.4270648137666829
0.6372143653950647
0.1421287230178617
0.20860969743118116
0.17338847716820383
0.16750477227827043
0.1140418012286111
0.296795798500233
0.15809964473274934
0.10139848417701391
0.11427593928850927
0.1555543012735004
0.15702714646972038
0.0825593083525705
0.291630024352825
0.3026274208323013
0.2910921084392261
0.1743375793525757
0.19078942953494185
0.20243483759235964
0.21103340125303696
0.19430139183658973
0.07957625754152366
0.06342013496219347
0.13937728123487864
0.0894845702005961
0.23343918525965207
0.15559765761711197
0.1683578477517369
0.14921681088352792
0.2728252205227353
0.1981692480238409
0.21176121040562315
0.23317811108599107
0.18377296578167657
0.3120821758325388
0.2551267917810173
0.17284779094758101
0.10260862157541785
0.1402071472526878
0.20351686765111648
0.1510755659645036
0.18195971109815268
0.1062810502553732
0.06860736296368919
0.3423377414630423
0.11745182566723457
0.1515569908631566
0.285256467437456
0.47965988198685666
0.13766160737539537
0.12249826458548656
0.2499064385162567
0.1977534186034867
0.2969510395961426
0.20746930467714456
0.10751270802214599
0.21819960071461714
0.19743285920386686
0.5374630858769511
0.3212768666696619
0.48089439539581397
0.12509846755437068
0.2170354557013927
0.24822761025057083
0.19482415733055108
0.1863799514053002
0.1082536176108312
0.2633183395074915
0.21348039286160522
0.17890401824157173
0.09913599028329971
0.16164464628592312
0.2526142971789945
0.23307882630984011
0.3637435662427096
0.14117421362139412
0.37640797780804314
0.10629697670644617
0.19232149138535298
0.137025644857541
0.12370588142572712
0.14012681402449378
0.6538111912922572
0.35926637971975806
0.2611460486719182
0.2102147428013106
0.1822135794428183
0.36663925495840405
0.3480229347651495
0.1563683204101512
0.20655401121229736
0.3722103506436107
0.6784855808167523
0.37500698091611306
0.4253114887557615
0.24205470513331667
0.11461158364953877
0.20700648449749356
0.2749726236440201
0.1982524462806273
0.3155465355547854
0.15839639888028226
0.09840891937966138
0.11924172291990069
0.07051459487673697
0.7049751978028131
0.35750769645581026
0.34264636117267633
0.12925157441635476
0.28387897909046683
0.25885419390617387
0.1848690807904066
0.5927914223482869
0.38371854683747536
0.20706949918587958
0.14010708544291722
0.19947361259193327
0.14718182134723576
0.11113666061366645
0.11161432340569545
0.21345117019401563
0.22725287286782073
0.2072932090544576
0.09407928723138244
0.2644851973117726
0.12357474475767025
0.13930166701052152
0.15972415272412105
0.1100675353916774
0.2939225884568892
0.45833153421442363
0.24001695062500214
0.16478965597465187
0.2900936024172029
0.11090970542495773
0.08043363101231525
0.4261596530516599
0.16309827546909175
0.056569151344667036
0.29089287087738497
0.2406737680219759
0.28784493698765684
0.26965385372383627
0.30981189540439186
0.178912727344531
0.10707516827024044
0.17512949820108414
0.09541007526050188
0.10913463429531185
0.3301835120755894
0.19418213483723765
0.17331292206644142
0.16339957777247593
0.0939609248199683
0.0760119363194649
0.18669115864749727
0.19503843204938032
0.3708576674404139
0.06803857587631554
0.2119760988173591
0.1197926656197966
0.26133779449623085
0.2243780478934074
0.4054385104922952
0.3185190423383783
0.3255035879043072
0.27302754142731683
0.45892203430593215
0.1746363485270318
0.14366689212647496
0.2233190985764136
0.24193008504959643
0.36958967786449154
0.21956283520802647
0.2737377089319923
0.0979584721818914
0.11337342708699638
0.17988084409943825
0.22054004528006485
0.1898763059102827
0.3085063964611728
0.29774271113647677
0.3135982652047637
0.17788094021398526
0.2237196721768984
0.09315051928288227
0.11905768744030273
0.26199862369003335
0.1736891128662241
0.2449283937042268
0.09086828317466596
0.21559827911425167
0.20032618002844876
0.314093426907834
0.17533306840008503
0.2771610539588897
0.29663616633701106
0.1573348240444963
0.12206778534270495
0.21401191163415884
0.18582625448750828
0.2666313645837185
0.45220243482908135
0.4328580028069529
0.21873948762442996
0.4411291490162915
0.32409299146820597
0.10510356121900515
0.1858224333300307
0.13751908001829935
0.27816430370559136
0.09330382387917695
0.15496362775492933
0.10002068683949616
0.05941660148954044
0.22123993210882265
0.09903856966445786
0.16338073537255604
0.09399271772241798
0.22577352825731145
0.22153047380026272
0.3216251256805929
0.13268417710434663
0.182119969847034
0.1267423218410307
0.09179419837752993
0.07969993237299929
0.13332196506174152
0.3800374864437196
0.09996578265631684
0.2511569912548527
0.37342656333578605
0.17477260245558707
0.11213920706649745
0.09428544432468818
0.12201795437833389
0.0885579053404298
0.09125231707626322
0.1865196032660074
0.23935833337723783
0.14925924614821004
0.20708177410635734
0.08006800428978592
0.2366874171767331
0.1814363574192364
0.3237388402969703
0.10589538302620112
0.5177228944768006
0.48053473212264713
0.18536069259488686
0.15804836541511097
0.4219596990936695
0.2293356054836779
0.23100114061210167
0.19869511823761313
0.27224528327871067
0.15180391068006757
0.09019778537574176
0.07074116219055082
0.4955548488502443
0.07978826598109187
0.1859325926477814
0.17712721030835762
0.14057195449903112
0.1724747316775913
0.1276223669985018
0.24075275580509303
0.08842637537129389
0.3345712151619181
0.24274452072571245
0.2210149018884725
0.1678949176455438
0.06697465162921395
0.23529189704796785
0.36125879772347674
0.2400582426486843
0.06465777097805345
0.18641119914038112
0.09620491647145925
0.12140169205101807
0.11014760361624809
0.09942696208887218
0.21487432574512844
0.17971715219735943
0.09699413345432772
0.2429832509740155
0.26593778617180125
0.2873161271306691
0.07599007705295958
0.11223119428986786
0.3113745793203214
0.31808710746992125
0.20816801833379342
0.2900185134259949
0.19938916667931397
0.35633217982878546
0.12228428662334152
0.13157117233581175
0.1180110031945583
0.11835161619030093
0.0828782088097588
0.26158605236826
0.3545044721314772
0.23441790311111668
0.32383094782069094
0.433571774303599
0.09131602659629122
0.20613317272244105
0.32177331886108435
0.12993812002238533
0.10489447688554907
0.2738676725832808
0.17343721642437712
0.28778615145488146
0.2943292067092826
0.3073011714189835
0.16652020900486583
0.08581314360252884
0.44045576066657544
0.09994415946514477
0.13561460212040669
0.1749145820223119
0.2604201472061898
0.16602729749597145
0.1405840013124715
0.09452936263013555
0.29575038038595636
0.24839827709514828
0.10205339305098755
0.26882790018299574
0.1578588265451611
0.13383599677463928
0.27460544626901523
0.21516031299673705
0.4714714217285267
0.2804386770899363
0.15948864821975728
0.15734965099329354
0.21636120590763644
0.28527470260339144
0.2879284626667834
0.07958161877636791
0.26490626610351153
0.47538041391716046
0.17663858348292039
0.2600909663831989
0.5007569832980571
0.22254862566793915
0.20282588054526
0.1512810400389038
0.12986496068302414
0.3781698130478007
0.0834655743870066
0.24713699605995063
0.22058855967241076
0.2830656208478811
0.29501677764918577
0.24723728748923185
0.1583753372542789
0.21356670257847452
0.27000193345798945
0.2515128687949486
0.3639707482703893
0.12028736567557897
0.18899068232845306
0.11992254064701911
0.351971765117795
0.11646311354354913
0.25138926284324375
0.1812884002039301
0.11358912348979495
0.21901429567411637
0.4005190760470565
0.48361359795312936
0.2886813870900084
0.524575460654109
0.4823196989629622
0.6658734244894017
0.5791668319258592
0.3764894437442999
0.4487187671979197
0.3489451160485297
0.35907729191918847
0.13594007828658974
0.20419055733535732
0.14744642717653816
0.1757893683303977
0.5882360073108098
0.10809767422535875
0.6739179539203248
0.613675096153545
0.4568836200587916
0.12417245186377808
0.3273773447095232
0.5264100323806923
0.5680765005176325
0.5102294348147125
0.66434791738456
0.13199787135211208
0.3343137028245552
0.1858492693343139
0.3469571400269843
0.6286611528751115
0.4834001327277999
0.3584437154469204
0.3936372774430339
0.4209921985765462
0.3118100260906424
0.24263329960395136
0.530707743475001
0.4343017163637288
0.5420324021085822
0.39718757735486904
0.4859062843086906
0.4189857333774916
0.393404152635522
0.4528007399676699
0.3562386412247979
0.5031675333982836
0.35714064649866184
0.39541662213413503
0.4739683388363195
0.6499338939362991
0.4034827600883913
0.3546156803561175
0.19536806134800327
0.6855584347554047
0.7149598904096435
0.1981889973962875
0.6114744643566183
0.2667575609363012
0.27228416039983805
0.2081872054786967
0.21783359203427174
0.38156505674680335
0.2009622101558883
0.5838578373083594
0.5274721115257988
0.17971190749444174
0.14180243521721322
0.11223967331403689
0.300896424613333
0.5186704317167627
0.7159287282505638
0.5343641915453176
0.17513501948157084
0.4371745767747193
0.5065249446622596
0.2889653252910104
0.6638241454365393
0.31153116867653996
0.2512188360459755
0.6827296689383304
0.3924426559576327
0.19992103659669144
0.2982419979361244
0.6988621666304881
0.6837990700982536
0.3696132433465037
0.584069028148684
0.32962899792272266
0.2514959626304024
0.37413254928453193
0.3458503076512213
0.12095172069360631
0.575075294979294
0.3232943173546217
0.548925731229838
0.12551955213223456
0.4154056118718596
0.4115442376984149
0.7266500786982217
0.3648440239705922
0.675354983088062
0.40060143642460777
0.2881802785828299
0.5196599381829854
0.5010978470067629
0.3068331136455543
0.19046605680084985
0.296065152274045
0.3904489669595808
0.5961190282564018
0.34730188243983534
0.3695080359164907
0.5315869523581206
0.6940804814519053
0.6118114777106121
0.09271013182511964
0.4291562895832518
0.3990190932234379
0.2808068624819718
0.43061717125302496
0.6425434912675866
0.5200256422858202
0.4977331492032034
0.3182320111488006
0.2643010859966319
0.7123576081870744
0.4239397579001379
0.18235261933048336
0.18357824510867393
0.2350846568648744
0.19761197135226782
0.14790542279589333
0.15410659910814267
0.3270518899192332
0.3219038958916089
0.19470080818344784
0.5198399209610893
0.1874710126228523
0.7335900075058477
0.7153368822463866
0.40845666943042835
0.33942318760248624
0.28001225027206655
0.389829078438103
0.32726888738456744
0.19809320774508674
0.1397535502886681
0.27176171998587667
0.3156411251420226
0.3570103139908868
0.3116087120916993
0.33313047055947786
0.27685545882943274
0.18782871870542933
0.18196175740481543
0.2714743066455887
0.3388181488783559
0.1705681969844543
0.27783728239470046
0.3074792853585753
0.6889313746125957
0.5081292166443971
0.24511705339433343
0.10374255737460925
0.5756798223144955
0.325776763454519
0.5085302641405213
0.5700898151000489
0.39895576390299387
0.34282210609668307
0.6265932969277103
0.21181630892895506
0.1937750256271744
0.38685212891598997
0.05793033665608539
0.4242950043618059
0.3295999058791645
0.6135426563308296
0.32457056482510427
0.6821866901413579
0.08264236776157448
0.3773120628692816
0.13851456927892672
0.6573300645380757
0.2811928499880646
0.27335880685049757
0.378133003616609
0.37523981678708107
0.3655006795200885
0.5191363547646332
0.6817518648341429
0.5079711512815067
0.2752713483786088
0.40621959022016174
0.30775928114046536
0.20394272416837742
0.1823414195696581
0.12801829935393558
0.1815293614703469
0.44220405572356575
0.27068218267668315
0.5484872310047524
0.6350110350775326
0.1016077914388517
0.5736036226822044
0.5776425083610244
0.12473973211557554
0.1815365602509212
0.27300319902791015
0.17587798090744974
0.6561140402559472
0.21313376306422124
0.6318768931565056
0.22667548049483052
0.5188354186143764
0.1888913350593192
0.2711287702559612
0.2034250353131752
0.4049266474578437
0.34059178437031734
0.31252331516126824
0.23370890653162701
0.3350157044474207
0.30825459482037276
0.2161032810020737
0.33003486199695153
0.37566958619726354
0.41342530900990676
0.28791815642170576
0.21876473647887776
0.36924252393058815
0.20108102194574418
0.35148913958455963
0.29115370115958117
0.34633362573189497
0.3496538966646545
0.28486174246474144
0.4935887996611487
0.6726137863171365
0.1304509616344531
0.4309735418267079
0.521617739972404
0.43904846298979566
0.3742792637822091
0.36581489327902855
0.38292250587390686
0.4628097624560714
0.22621957509784427
0.2446342882882959
0.34983071179262937
0.38454405314808465
0.28774104562320924
0.34757805278565806
0.6448228956954606
0.22214646484882966
0.6362505586722796
0.3569876113274897
0.475407385037375
0.3446515344120293
0.3524989365835742
0.2716175191888582
0.2810431955891082
0.1682123838471354
0.33698069360949545
0.34798082235579175
0.1613434918707972
0.13735239617992054
0.39241590226902456
0.662967515226922
0.6031996360878595
0.5333484894267596
0.5528246984544645
0.5152109580255787
0.28381914098992367
0.5835255965475652
0.6508869622075528
0.2467766026121042
0.706852859462645
0.2626151131965676
0.39868243885219673
0.509279411891412
0.2784436086982886
0.24074118759059138
0.6485448358062034
0.2767766569763287
0.3069940015791144
0.35104763848443976
0.18239090972741293
0.3777684422335197
0.49619737382057544
0.38554029079250096
0.35752516567181625
0.28512604358609533
0.20887782845675698
0.704032970409974
0.4128055687131704
0.31755254147035517
0.4602050128922316
0.2849042877034343
0.22370996627860457
0.7345001277961536
0.6822150976350455
0.5539498152682669
0.49096380775820686
0.6947309984352152
0.545195685031562
0.39741852116804194
0.37303812617381243
0.3679831694856266
0.6376394645695961
0.2667575609363012
0.29597913981707547
0.5327017218020482
0.7289110648553112
0.3179619176953994
0.45336177897489793
0.5128358242061184
0.6450011296217878
0.6474167130352922
0.2848215497889283
0.15074820056694457
0.23116102115953804
0.4253622572549658
0.20640489228851364
0.26353758396663085
0.332718866802856
0.5708157723524091
0.27171202468116334
0.17562614468310908
0.24725008666927806
0.23266561835031052
0.5551923420127954
0.2907293871219031
0.20026678032770306
0.28692983189251275
0.2526559768568981
0.467645255412599
0.2061867763072729
0.3020914958479706
0.44000314485518255
0.3372702719497238
0.2513712456249416
0.6390570462354669
0.2948089104545629
0.3014597728760755
0.2416086464918655
0.13076977617019261
0.47721714841948026
0.48099880368161363
0.1436065450487125
0.27885460747896035
0.1999304484194736
0.3858576795240813
0.37971110389159307
0.3853848937121181
0.23597026426698833
0.43079812155963837
0.29531011565066545
0.42457812611673
0.24378794311580634
0.26499318141071226
