0.7113629214385248
0.19913126886478974
0.5016143444814032
0.2974419108258904
0.8929878828284271
0.8000299226367167
0.18188979545317413
0.30272458895286625
0.7287433660386722
0.7097311707462703
0.03582629810372115
0.25974870468150213
0.10029058523298048
0.7171644931003546
0.025470570566198125
0.30865291578865
0.502603094924504
0.34132559982054833
0.18902058653455164
0.07024748562884608
0.1306249784299208
0.6844737440253681
0.5696821999452734
0.7503709001039408
0.385089175104203
0.36913813195060996
0.09541712143304176
0.7611570585683481
0.7281589554659693
0.4009212633589214
0.9097712229491635
0.8009564014408299
0.18215897394628766
0.7075643590021173
0.8156449456520498
0.4289931448017268
0.8040927463978542
0.06543739512482584
0.23890377519457093
0.4297919516058113
0.9178112418229044
0.9117494048964222
0.7999627864446524
0.5183679517791631
0.5652494333550426
0.7757590251601105
0.441662289838108
0.7717745588556751
0.7811206438023003
0.5381391612076052
0.6396279485367693
0.01710205831613284
0.6418341294196568
0.549352855822016
0.6426180347874791
0.6929840494102707
0.8033281580416912
0.6210016138950757
0.056291028000360815
0.31977590311270687
0.37843485349346967
0.9887812020652847
0.960300521594478
0.836157510565341
0.19122166128069013
0.5650587119446031
0.6074245446418178
0.4849866431197194
0.1688704562707716
0.5143823403150952
0.6934292646203507
0.707406926353208
0.6459375430474619
0.5395113358568696
0.7516915113403755
0.25538323328113477
0.21793957602277048
0.2897810418182121
0.6712684269009744
0.05175095144516308
0.20409497856593584
0.63603508670985
0.5028031547556827
0.023254083451196245
0.5759254157979158
0.5096751939373408
0.9220355505511599
0.9438286181018055
0.240442724515615
0.3296174069468176
0.8076849434424768
0.08806491894669558
0.47078764414686897
0.7210850405219058
0.6698646968292741
0.8640926701805639
0.18035069954264363
0.25201376553419863
0.899394426114091
0.0641230730324736
0.10201806791515772
0.03369177127220419
0.3294106151002761
0.35197617288759414
0.014815335732910235
0.08327787114422146
0.843412077993986
0.32026344602491724
0.4548672985529072
0.6318433702844667
0.7729249947229923
0.4599038389946664
0.5735899960272246
0.580600475916613
0.6649372601886347
0.024750645078043573
0.7015282436214461
0.5996924923573854
0.014414051178049688
0.6936059677292733
0.05798325849887291
0.6540159579671473
0.18332027553152108
0.7937934205309715
0.8351212214114129
0.9967654264591894
0.9516150991819625
0.9972514649650583
0.9902303046449245
0.7746545952852162
0.6608971467969461
0.019076367021649082
0.07645414377522684
0.022960595895454586
0.8391041366025576
0.8347639119665987
0.8681018516658564
0.835625440712881
0.9957153944141963
0.13083331378691768
0.6130606416867516
0.07348318983245103
0.13028015595789508
0.7906077740527958
0.17217474062021632
0.8693854148546332
0.512486990388456
0.3274941089506747
0.7662779500608359
0.769179298817268
0.7714589213845817
0.88926248670388
0.7944343755456634
0.7056689235472929
0.30421198201658334
0.08500631483160581
0.6666491491556129
0.832939091553491
0.8553244892846219
0.7165492260575446
0.4475538045238357
0.4052783344732595
0.649349927221351
0.22314934478941809
0.6670626616462805
0.52088632234067
0.4048919462041704
0.32825854516800174
0.7057231258835706
0.17322278237820232
0.8814449896103858
0.8209224380387987
0.9087954820251051
0.8754833796417573
0.6362494208959085
0.8805987583928396
0.19808269012369104
0.4314063921418628
0.5649528300589858
0.7138483367696601
0.6992624228147979
0.7749770789052636
0.90725074538163
0.45478093876911413
0.180399691302817
0.29347282740708497
0.9192374386082648
0.5528269995949477
0.016172853738715416
0.14210633194923813
0.7001785134206542
0.11184423397199211
0.6930320009653157
0.6064502310140207
0.14542950165750482
0.32936667228822064
0.7369160093236017
0.034891027737417306
0.6814381691357162
0.8672934643466896
0.04201395536345029
0.045811967249163595
0.038388060124950885
0.33575004249269114
0.6683476850485608
0.1585743297458812
0.36738872678003515
0.5775423688896698
0.4147812965651225
0.2740806709858144
0.21054357301569904
0.03908745727590247
0.9497789830280794
0.08770724289691632
0.08026057585205272
0.0488527080207158
0.04254929791636565
0.6425044496990805
0.2501102619702234
0.015584912149427322
0.004516002949306781
0.9577928909484735
0.5632050649371388
0.7863506041135713
0.6341244604153177
0.8903063999475532
0.8715214357241942
0.1450867796127394
0.4946318735325462
0.8309848431357705
0.1033534776972628
0.043634041077948243
0.6415515525503168
0.10054467420207766
0.3164303343793461
0.7747253773365168
0.040544828339797924
0.660165439821959
0.3120688344036637
0.13066541931526154
0.04642714165444467
0.020288304798339648
0.031199269504946756
0.03316256782439267
0.7586321381533325
0.8344185407335211
0.9998383396885803
0.9984465405962194
0.6944646021756906
0.6623535081976162
0.7356200277822444
0.8917286310496788
0.15606007110645992
0.026287562748991702
0.040057883409988025
0.0265157145764906
0.019086214606422017
0.034960743243667325
0.012636499648797617
0.619726529167544
0.3909779059977556
0.31428381954428813
0.7424927970693062
0.8806606172163968
0.5646290259544402
0.1303413221622771
0.4241062737855737
0.19675948060898307
0.7171753294716078
0.35371661960370554
0.03898490914696071
0.24488302221474337
0.018321456578397174
0.37623150266282884
0.39309170871464577
0.368496433643614
0.28177391098256216
0.9567058267509422
0.21334497241246822
0.08719160599784755
0.9067513423505748
0.6097334590691206
0.43403317316539575
0.45744641935791036
0.4479176946151099
0.43506432504437226
0.27777569210222475
0.09278646061099433
0.5071171959461566
0.09451708994364667
0.12501662499348626
0.07499768573880605
0.7635100293392311
0.01656136079449494
0.004325872840359718
0.35698401910229877
0.9073772929673896
0.7715237493139551
0.8151462749585836
0.6712513424942874
0.3265643334331953
0.7631335950536201
0.38513772672295626
0.4943165258815847
0.5928531133422466
0.22181042400195342
0.4151056705934115
0.3482111448868611
0.6573603262068967
0.46456726541643645
0.29304772209305
0.06325073502801086
0.7257875880508958
0.13982578341327936
0.5159095603377262
0.4242690088351534
0.077334479201586
0.6733039225534819
0.7578871640888244
0.9066467441050817
0.8078772132696428
0.7598044971353182
0.4092801530225722
0.486094825413381
0.0035488478641243024
0.12723137658478434
0.16309864078597505
0.023573077801720917
0.071606598856433
0.9931762999959721
0.028022373795257623
0.10079331281721848
0.8521186429769283
0.9784810915641582
0.4406309717789796
0.022941101044627845
0.9984430619876574
0.9821925330513512
0.8341105537679722
0.3531845382347103
0.6824519155175779
0.26355257569937107
0.7992087625637745
0.8118812465957489
0.05688490021456782
0.8027246351497623
0.38016687169940383
0.027646515446244472
0.05706426347037767
0.2068257810671979
0.8113973483440969
0.44162111840216056
0.45260068766495143
0.24404252598141082
0.4075305579180094
0.6029060187848502
0.005879187870644305
0.999456570642117
0.898444531039461
0.7481730441353533
0.34969345322854284
0.4043324363796742
0.6709095063767047
0.5360207688682557
0.12806820842709518
0.5978014321848164
0.29486658708449354
0.8543698481478346
0.28117512640777326
0.22765466427336395
0.5444447912403308
0.7428678774447061
0.5147995246294208
0.11891429473489361
0.46772834370924143
0.5745056821431047
0.7628954510378555
0.2987705904277633
0.23364762819501497
0.5728755629015743
0.021753318279150686
0.01884118843487496
0.21824228359625145
0.05457387453483826
0.6239658897794065
0.2205455681472492
0.7522503511619261
0.5146526320834182
0.3514125417399058
0.6978562601659186
0.6466977997900196
0.03858906097937815
0.09520339629789044
0.35740951231621365
0.9681692213432374
0.9708846602911109
0.8044568800048998
0.07100521349178317
0.09920706249270386
0.6326784181302979
0.5840451753855019
0.13508522349964597
0.9679067912322368
0.6029016696212491
0.2185823835313415
0.9448682557672141
0.8569159388244567
0.7444047171501483
0.6726877618407633
0.5618379351909862
0.7300701000285628
0.29226347345793735
0.548443654168293
0.5506060040177687
0.32232253042475634
0.7992923934129572
0.26451604992802
0.6256188957975803
0.3090688484498751
0.7460950861508502
0.4797611965312692
0.10676469577061051
0.8082639805813394
0.5054416153075328
0.3236218350141224
0.05540491559835642
0.9278590356299492
0.72152433752622
0.978758893171586
0.4445047669683128
0.01729500890804895
0.04034310579883259
0.0654797949221999
0.1680686287122584
0.6724484913324011
0.2586981569675779
0.7644664181824379
0.831685985925951
0.999773180952384
0.9997623824882613
0.010892719980577854
0.0034759573905844754
0.36937582873408475
0.3845396495383989
0.0982379455926645
0.6040423261254626
0.7744950864471414
0.23388681605524853
0.42178138932648657
0.06717279080190351
0.29045270913861043
0.6685875470286857
0.11236489481119831
0.8290498441121752
0.8950638538293283
0.7634675229226339
0.4356211224559841
0.0027045061342585736
0.09273284248914063
0.13008054504732802
0.04964755435554884
0.2532356352577877
0.8039984773373672
0.6858132647107306
0.7426840301059128
0.48611422841065105
0.6227665833429687
0.6992371476122425
0.1287618038019229
0.27104250981772543
0.34634914350933
0.5308963166562847
0.485207622182002
0.9225818823898035
0.9270925428445166
0.6123962632771155
0.7459334099350812
0.7113335848166583
0.005771696464079646
0.054435234069567844
0.015538775461618652
0.931239117281276
0.8214935657911304
0.005749164646191057
0.2753540194969033
0.7281299081846653
0.19721022385999598
0.010105708362037788
0.525726935280809
0.08642392047129746
0.30224370270439427
0.6360738218169835
0.061617637631205854
0.089923543397986
0.023650064471415044
0.7066513384471254
0.7670854224525172
0.5059323336417153
0.40486649817582365
0.9384082191582732
0.9178093831757627
0.8311290862382263
0.06586179114392805
0.5759606014104349
0.8164671616479281
0.6843326468101305
0.4343784283420058
0.5567977674217786
0.36425054430922854
0.45110782456486725
0.7236528944659694
0.6497537795948806
0.7097539267176826
0.04387892849539231
0.09839577544197874
0.06112778273506502
0.06686348489788593
0.04118246296573786
0.10300038518928299
0.08043224902154252
0.650459455912163
0.17641147954679584
0.5665326236814904
0.6395891784820983
0.37660618238305205
0.16703833707129045
0.16492288262306345
0.22114320007186572
0.08625510819049725
0.5691983347092399
0.047427904048979605
0.017447192606409843
0.6792089157204151
0.8020738474597763
0.75491231050626
0.6937726494733089
0.23241845720128898
0.0983060276757404
0.22824535353830017
0.4268759291717809
0.23433570428693093
0.07291104111336173
0.711297275562424
0.16731335024586974
0.7020573278543805
0.6989934862303324
0.6744204089583656
0.1877471759297589
0.20768696314390236
0.5985214157647161
0.8871305874922624
0.8414227816867462
0.638099773783001
0.6478181778162307
0.568732610080694
0.5611293529630277
0.03328895946757423
0.2440693530492102
0.4994863416168567
0.4576414947573549
0.4409614492711053
0.10645504576505263
0.7019808365611647
0.23583084006338625
0.12678745739510902
0.03628362082043074
0.4954577736448684
0.28990126934671556
0.8190189387986248
0.717993715690656
0.2549556516638293
0.9448866970664243
0.12050009249582515
0.5438635144564699
0.34482558826070925
0.40274250237195414
0.6731519244575066
0.7988090648690018
0.16203475945399462
0.020061084147336337
0.25899586352074244
0.8681252698530222
0.08721970773801524
0.19107598690952407
0.5555348350056681
0.40222008630234946
0.23797707709339785
0.02410135344168889
0.7560477655794432
0.17869576815049115
0.10561692470197008
0.8207422989571004
0.4664438532487859
0.23159592529775555
0.4721456087681339
0.008631887687279726
0.3137900627049212
0.157709699156669
0.005509350028633371
0.8137734586899422
0.09088752911203694
0.39732980274263857
0.1723242845554573
0.07133294518887054
0.06646407776078198
0.2706545529911813
0.49321165228641395
0.1756284888271226
0.28640820732513333
0.25007827586480924
0.37075930211575264
0.004203760644961138
0.8084148414344576
0.9294802403046215
0.9880888179231924
0.9380699947374795
0.004867337533836003
0.17499002622383455
0.2045890418847625
0.045686873845540855
0.16090613538724222
0.0998483584997459
0.9918052775480279
0.8977017251421344
0.6221457634027803
0.008906453930510323
0.5165342284708649
0.15131230779845084
0.06169110097155114
0.276520225332655
0.06085497512682757
0.04307829851959346
0.3166124398385981
0.43293048484923263
0.942713856786779
0.8730829022075228
0.8744105320510822
0.6466692418903766
0.6635171256324895
0.16529759624003335
0.7668202647098601
0.7527079800156932
0.691739043773646
0.9316281818632699
0.12441822045311624
0.7155012011650291
0.5663074043535327
0.9723710535108305
0.9848951603058572
0.9852836649662869
0.9589456267296403
0.5909132812769237
0.17541396432198403
0.4652002885584217
0.34343930081956175
0.2369750456222399
0.6080856046753002
0.05203748417169946
0.5316512501024978
0.5406470977027291
0.2149261092026061
0.06986465794874801
0.23709609083065558
0.5843485821930424
0.0427772445838722
0.23611522515195502
0.8531668776355691
0.7090470364467301
0.24358422042377895
0.06740199522090651
0.03444983993235949
0.10195058866841529
0.7275871010133823
0.2868758387708825
0.27913767663341293
0.1368164892298656
0.5492307786467512
0.7518195663722087
0.40468918695301
0.30654904979707254
0.4148889671105272
0.8635595835911636
0.783030921794041
0.2741228610173385
0.054044056853669066
0.15013950303172616
0.8508812095536015
0.730712979622066
0.8747930785636646
0.6326259552003654
0.14161720419010262
0.002695128502528413
0.6939317233678349
0.7934663966887976
0.08165447821471089
0.17163579488870215
0.019852904096998313
0.07373206385285705
0.05688944651687674
0.35665587359103296
0.4270342363999807
0.29792083176664735
0.14586942119680496
0.07795407468277511
0.2900469099295505
0.6931611545705452
0.2976649473296907
0.596773017249294
0.3182879090299781
0.11596536039440808
0.8254923074869591
0.032721306038761916
0.3402507243760025
0.38944988992608914
0.6314992076074106
0.4899325480458183
0.4628962686258391
0.13042575683982383
0.6678789918429352
0.4018899484963323
0.20540207633281252
0.78125015708304
0.26574275085818905
0.5140907730771797
0.34858258706213857
0.6358707946459463
0.6277776245079635
0.06139886274700732
0.04683249884079546
0.3855083675807413
0.6762344025263195
0.20515800002469714
0.28228451091210827
0.17846613617996007
0.04200389824483606
0.6610751341044079
0.8107301491030994
0.2648138524008
0.0982461926993145
0.9241151664219494
0.8773758894586323
0.9159482473520798
0.9613924679428255
0.8605170948906163
0.8794358098471102
0.569466721499714
0.29643832974257417
0.6617722854518744
0.37347658252053256
0.09251392091124036
0.3896211457569738
0.19286546322637768
0.46817283353013195
0.43486415550296387
0.7737556376967036
0.04948083766583272
0.2672649991236675
0.6700690905989731
0.099771330365083
0.45490705528427106
0.16183054643455821
0.4979977732508766
0.16573645059369668
0.06604154466556876
0.34141388271735695
0.10218593687072394
0.3955763080546496
0.18877413657412181
0.601833057128828
0.8173101473606905
0.1528061292771269
0.18250771223423906
0.5802790509740793
0.5119058210799663
0.5704540272474931
0.3624804454971047
0.3614872570257995
0.25710884288226726
0.06600860556841326
0.14422032715888353
0.8064792749502343
0.12795801258279144
0.5638004758334507
0.730138946422209
0.5271439408321863
0.005358034707572596
0.15412641278005915
0.638021600166574
0.5281368438926841
0.06391172330846144
0.7799500362058968
0.7992651170421441
0.19714061886149867
0.3654250379218081
0.12308449108733212
0.14580835884349228
0.8475355488795117
0.08215869229112838
0.4534583679180141
0.03232533002066124
0.1990977803168334
0.7902098134834568
0.6984323997890162
0.4516582606978283
0.09516032389272487
0.09808317478724701
0.11392008005898509
0.14134778475709747
0.7311408994412886
0.008715692262953705
0.1070053463725689
0.47399119198342554
0.17779374636096515
0.1802685367625475
0.020638776217997232
0.21177578312471296
0.13738066845159533
0.23203864517890613
0.017213485211600047
0.024000486069757607
0.046685130495364074
0.2103457465729419
0.22041674252794435
0.5442551761581509
0.009232372350430711
0.09675697960031508
0.13208918970224637
0.3802423598565636
0.10730284422101452
0.17709414226320833
0.29090386861819395
0.2196042722249438
0.07451415806726225
0.32153548219875594
0.8128156329829832
0.1298118914195916
0.08395912010050215
0.13247123471074856
0.16920960142955999
0.37936966396039484
0.6604224806576549
0.04281725817498115
0.5220136299594071
0.48314644151293484
0.006521312695443488
0.04198251914775245
0.9605641005063179
0.1524641809304651
0.43403317316539575
0.5106410105103322
0.23709609083065558
0.11324912626603517
0.9887812020652847
0.3774073754797711
0.7167808871787791
0.5549122860384339
0.827410427044715
0.016922845132568632
0.02240899043443071
0.390930594889052
0.09653624608101576
0.4186635376754571
0.07770964119474455
0.3850157716477191
0.17739195804960253
0.027227204034884933
0.03128863116469738
0.5970600174762412
0.15797970058782324
0.36564924016425804
0.5469133539484673
0.21039088443009402
0.15545540722639536
0.03293563335775798
0.007385797671313207
0.8833594389301047
0.9527273228632143
0.6779658284740504
0.22087089143103558
0.06550306365900777
0.299623414151552
0.7843091635402254
0.8703256309485892
0.03560253053010002
0.11329173657006655
0.5617150206583715
0.9382289000861928
0.49314418253336195
0.4346529516491786
0.31813459890778834
0.021921119457880563
0.006343896855609778
0.022355846675023775
0.9161347282596943
0.4558622813958799
0.5740422906527474
0.8611747278284755
0.8079493107136829
0.09179304103583004
0.1458641476815844
0.023739039939782377
0.06561103134964553
0.007923277458361433
0.19572600062177084
0.16661129827526003
0.08593103924147476
0.6753728690074935
0.04290904250108378
0.23838793741842043
0.008506202180116452
0.015597413792257288
0.16955852649853678
0.017963171236188263
0.003061141289221673
0.08268399548377314
0.46173580207821385
0.6377053069630904
0.12854981057481543
0.9316436625205378
0.26308560299058564
0.9965182571527278
0.9945352340891067
0.9830546486912108
0.8026457637387449
0.9253420318911599
0.15240817691033512
0.11014057168378816
0.06145572255748135
0.33278149104835564
0.3497177707094758
0.37304483150903783
0.9019208442429001
0.7694439409406062
0.6662653342190874
0.03725057933310238
0.5607461085594896
0.16869055402335958
0.15683343305122335
0.4412548855185449
0.9920912529049654
0.9014426840138983
0.9758130370371111
0.9628133196418007
0.6607672800329347
0.011124682372349183
0.07819056202483837
0.05543218676849489
0.9114859403414781
0.5140283905861815
0.484437606095354
0.10678081629064728
0.1032050385542888
0.38571155503635357
0.13953867301965717
0.51585091010768
0.012908141487104993
0.17610312337633627
0.3307406229246645
0.20505312736024836
0.28325049872585745
0.9997519216530414
0.9994676610608217
0.998523397536311
0.9845318321742217
0.9952668349523442
0.4400571284815499
0.9043327180318216
0.42100878880631615
0.580427359081523
0.6404414014216255
0.14694051357047616
0.5951456377703795
0.9930633025462718
0.9648033088427634
0.014210253916682986
0.41151181408945053
0.13503907432048215
0.058144484668746034
0.06286342755907609
0.014233510581955123
0.9991095927055389
0.9830536717537532
0.4183241325482138
0.9996270937181586
0.9996215819496976
0.4699989108908581
0.3719896523174912
0.8959224407573303
0.6008935214469978
0.08262739947509087
0.06998602290921456
0.9200472667318202
0.4573706365742985
0.7258330781573209
0.12074342057681359
0.1032841505927849
0.5211189444098562
0.8668214642935985
0.38105250628695403
0.9338593698279354
0.852299363634693
0.8226303551362506
0.3371773532722047
0.929719159082093
0.9704445115564521
0.5535697698006541
0.40635956620596136
0.7128003327244687
0.32417754753520717
0.547255020146688
0.22809907857042716
0.419071424918954
0.10116117746827927
0.5906125998843438
0.8926997491484441
0.9325322434701291
0.9391318022292605
0.8941438438627999
0.17361214711180925
0.8845790262204525
0.09533735086814757
0.8894430801746953
0.2554271355131282
0.09131776089326954
0.28117512640777326
0.6770624114202013
0.42633978562866787
0.8975476768006212
0.05979771843789109
0.6061972015671884
0.11958552430901813
0.5596967461565873
0.850757253079771
0.9521198468676672
0.8626028153974312
0.8531668776355691
0.4926014170769785
0.9041534342865383
0.36853888687429615
0.20575536347579168
0.3644072668515835
0.5108794976242037
0.7559442094397765
0.3797613785129866
0.5216480257161494
0.3013288452947494
0.5757423191523096
0.8406793026085189
0.04738326702439009
0.5427021140964335
0.049454261023218364
0.06609961082118052
0.7823724273045543
0.32804788905690796
0.5550578171908211
0.19477613115968248
0.38715000377423553
0.1251017925403083
0.47217486864210245
0.25583389554426744
0.23066282160632676
0.1767408444861744
0.5597151207579185
0.05531483878985689
0.6379253102253954
0.018821035745883126
0.33298400901918707
0.18873719183336937
0.7404658114568594
0.8077085592754828
0.16885063578219153
0.8933162295817758
0.34191057651913326
0.12703506131575765
0.6712272975912864
0.698087019797632
0.5659399906600769
0.6689298180991747
0.819598238416002
0.13772684789665404
0.2637131300198868
0.27455713304550367
0.8588033003898369
0.26182587925503864
0.03209461253307724
0.7528969076021225
0.46182472111632805
0.35692654622932335
0.39745765301545755
0.3406041634331109
0.1740630258879993
0.5735672486245788
0.4262000132657852
0.15733056899563014
0.08928374804244303
0.12063047606484105
0.023341398102951164
0.008108953994194043
0.38473599908672335
0.4883669831160702
0.009570960638419019
0.6812654953404422
0.057397453660579766
0.06241101741775322
0.6326784181302979
0.0066803251641997284
0.12732856790398642
0.16093416444838218
0.45490705528427106
0.18775899648892516
0.6199962681929962
0.43536648761046615
0.12077983632442656
0.007403031516277737
0.7036483199554957
0.05072464310621284
0.061503265894074455
0.07153942037015366
0.2999617325977647
0.03128396230796338
0.6387159865130044
0.5764496311791258
0.24340404219178013
0.03869349169422849
0.1517357292738094
0.6097547800517171
0.0334507682815157
0.06784754637340733
0.457524695789652
0.0156720635617853
0.3279475681942538
0.04150403514810923
0.007801550146881924
0.7843134377561628
0.3888991859250985
0.20242929096360152
0.07248225964716855
0.40893248945467814
0.4489109555832417
0.24176968261948226
0.8595078249216164
0.0904456065224861
0.24695100877037113
0.7965887698826307
0.7230598295041868
0.03482633852198416
0.01252715325299732
0.017051463648088915
0.7612871423318774
0.004572263165035827
0.3073161895803274
0.010590105410727621
0.05487762611005714
0.13661319313906792
0.5474569314363289
0.3027707824741657
0.1927003928185914
0.1966011809836118
0.05104121969949412
0.030120618447051002
0.44549776333634
0.8411132054812769
0.8016510963871417
0.5815307893171422
0.05718362808628174
0.06969322881575504
0.5452879112899877
0.11896324591729629
0.32694871803537007
0.5970600174762412
0.04700065850499231
0.8641278583430894
0.27132562715511416
0.6355312734380492
0.36553188257050384
0.7919198559992501
0.3481446673773623
0.002418101316166749
0.17683217811437726
0.850733568356732
0.07391825958896828
0.3961951955996276
0.5567816472097319
0.4276088740709302
0.0957049844925763
0.030844319300621897
0.612167796168162
0.3545060998227126
0.2489843473687035
0.38021211598851673
0.16870532618402392
0.3352019556672894
0.4428414139710496
0.3308287607915409
0.8374389971505939
0.25607221642952616
0.45281688444158213
0.24472401997686483
0.22763147367075906
0.03475888164264483
0.6606770408012332
0.2303221064570757
0.31690729619209884
0.1362068531979076
0.14071727052325825
0.01790258390405427
0.04080739201089323
0.013605559532685935
0.12398155534052953
0.018977735527710118
0.0868039665342102
0.44097330393264567
0.07371445710098387
0.4935656296299615
0.4169095399026146
0.5335361388043216
0.0801385955022595
0.07840275921210235
0.2752620574763131
0.30310960633963496
0.3620723053520054
0.003360468832332135
0.07698542678497187
0.017380492483054268
0.2821415336280109
0.06495329456194376
0.02557807227021956
0.0588088219058067
0.7733799979511518
0.825724753164127
0.6303433236156601
0.11221015722195575
0.2319203824753608
0.3507319579330978
0.07532054423931216
0.16251186423810549
0.17692478599177094
0.2076729770455008
0.037139376054641425
0.07025467942728687
0.048908069434810665
0.6720220864965617
0.7463357438719129
0.33817967898983803
0.035031662021360904
0.0722504660156776
0.060690048312926
0.7502478435909417
0.8724936348776092
0.2163090162579126
0.029937029758244096
0.38915949183127485
0.41456104586565895
0.005272656572698184
0.4375281520489499
0.015704461260841105
0.32158658138944607
0.029894550514988676
0.10683370671670868
0.17444772592532332
0.3747841916580622
0.13179736231374167
0.06831969375731059
0.1440871419596704
0.46035571401642067
0.5011539637906056
0.02947816747761053
0.7429981501664418
0.5518214153467202
0.4470004145540155
0.3728691054221641
0.04952677230720848
0.014791705582455654
0.02685831247603397
0.03775498131670377
0.08226296941143081
0.14043777118645642
0.032174129585686065
0.03538737291798768
0.1784728330296301
0.20111671659663777
0.015207086180373884
0.1165543328433527
0.15476306828126787
0.45211012772491116
0.2872455905935651
0.02531156241376355
0.21867953111367086
0.03935956899342913
0.35026063712800537
0.04570030494073981
0.012795142362330278
0.03955125793967868
0.0446772903613326
0.0988213865192518
0.03489771811241652
0.1976036860671433
0.06388628237806282
0.5887448703519952
0.20179697605204652
0.12718018274966547
0.038279544959874075
0.45440088602742457
0.42318631082359365
0.8451197339032631
0.8094513301921922
0.1301611625356909
0.5149946835330275
0.24195826967512343
0.030013547388781293
0.07763064522593494
0.006853885572904217
0.29690177331780443
0.16766653259060754
0.4279361075101102
0.5248627635666249
0.8120159767814841
0.3776072699588366
0.2787234926403575
0.11987650986423855
0.4733296796244823
0.03423191565819083
0.2615132862290717
0.11132511713801631
0.01305633446300737
0.46018977351100665
0.04742796693085472
0.23341031017307862
0.06658612770645818
0.022524005799945495
0.35470211420118786
0.5814995130811137
0.009687059297748702
0.03160394198626572
0.19740943717313614
0.029752018193335995
0.10271349817155932
0.4694629710152984
0.13393206793480647
0.04062409900832341
0.3959578904532154
0.0042887178281771935
0.29984353886772463
0.220154831529399
0.019798030951765466
0.009421153349019926
0.0062355510200561865
0.008466047986652736
0.0322645015462853
0.05199367676659843
0.23781391462309182
0.018207224212406274
0.09500400985092422
0.5780421898845581
0.35106736752382195
0.014433292184309497
0.03756876945399061
0.018722213569291914
0.11755662356086774
0.05304124517835308
0.19931021508099522
0.4937679832094104
0.5636294750785322
0.23168150569196305
0.0882209740080476
0.3144523443820025
0.004623456071034552
0.007291617963571427
0.34526963780325304
0.42892980778845763
0.06555907827092801
0.09850177561268135
0.09521455116931267
0.7151563273824598
0.6212196659605693
0.30573518769797087
0.28883017940969474
0.6896647302117874
0.5226597642646321
0.8066521196492185
0.2610901050733742
0.017586194913848635
0.07132282212296195
0.47305803021718107
0.8363802148681195
0.45674990043018926
0.24430432296443255
0.662805329021204
0.11541350010988574
0.6690659507583441
0.680501277776971
0.5478930978425507
0.03160344397590491
0.024853131221578038
0.5470200404385026
0.8406858665021801
0.6368497195325045
0.701755705657998
0.10449862140872736
0.016587633031465356
0.6448450490596169
0.35317735233182335
0.022294286611825392
0.4543855287208198
0.6477507044668931
0.5634981776862944
0.03619170764485568
0.04736477838075663
0.34781124153739573
0.6625535354191485
0.007245621476979581
0.02593540140624285
0.034556991073792086
0.5615220141490922
0.017820514578205875
0.044427812147793476
0.05485717008881129
0.24743910950390832
0.13152638649122322
0.051435862692070754
0.2690880664562096
0.2573160099688979
0.048960974180653954
0.0240554578999624
0.042629184418434204
0.021499532300096602
0.015998109982914645
0.002403752681331383
0.0021213154331968416
0.43488622246478476
0.31215888446561907
0.5100569258618478
0.9806783379692082
0.9783474322433539
0.9919214624527012
0.32095423446992466
0.9132475847179561
0.9573139245043044
0.10512648148149176
0.010264584786797022
0.27377372799878463
0.7521240882393952
0.18613839952359001
0.19556188859867193
0.027934925681665026
0.40101996768017123
0.15988780608857364
0.03988527748322583
0.13176211186271117
0.17816958507925296
0.19099864378583983
0.035507285289903136
0.047947761541867716
0.9990711472835876
0.998377599172076
0.1524206697549846
0.6312637663344853
0.43639364682003734
0.10043963470501586
0.10800631927291744
0.6263848984266939
0.013727286090668629
0.3307402698032498
0.5086799996974731
0.10647876452398265
0.2784269644595776
0.41390357721646726
0.4493731325786741
0.12946566098481516
0.06688331679368766
0.9181333626573109
0.7867854066079968
0.18521036657174916
0.03590505470446693
0.42211712821657627
0.15938150181512284
0.018391259983906578
0.8133111817384356
0.06575619079596835
0.1991130622024453
0.8653941881341248
0.05618081912089287
0.024285007125623988
0.26458222044850654
0.5049683527825042
0.1212507244753958
0.032358069381349754
0.251144062713194
0.45717766361368484
0.41854357922550917
0.43089304828373276
0.08107294120025099
0.040790779468103985
0.584402816970894
0.013877755324493025
0.17727713391502414
0.012200540361054408
0.05149991690031707
0.13474395858719695
0.09178472767098152
0.020832559993222075
0.1574877990061774
0.18850512511142
0.8485792633359953
0.03367418999600108
0.022311683597824532
0.9427697305866024
0.10335222783554682
0.267197485116228
0.02064893593781221
0.17235765983068432
0.39286984673689407
0.009362281947871613
0.08245408101113877
0.9845347673551041
0.137301894654878
0.8993767087608702
0.9312700687407337
0.76079111237117
0.005261545178020901
0.45121288789422576
0.022888476465460644
0.01000078505574651
0.014998966251618522
0.07484774280709064
0.010343278345771582
0.15155202338469267
0.024919147186248377
0.8297116663959677
0.08311588506944861
0.34881496895001346
0.02384032998552512
0.009852197450485243
0.7620674196997884
0.49533146837987685
0.05330413238032358
0.03342111708905483
0.14113664806075216
0.03527503364098153
0.04012476064389919
0.1731009190894085
0.08794571702967344
0.08178196276626107
0.7731398665324579
0.6594186420377658
0.018311207614967188
0.6469607782256064
0.363294333462749
0.002879679184004266
0.010257251407237787
0.7768297160868668
0.01633248285816108
0.0046710178610291425
0.3893570859114076
0.18229791184830257
0.12769035914311816
0.010464550013361346
0.046754908257234704
0.03364735938161741
0.06857602101635867
0.04463469609496498
0.24155473483841258
0.05606067750474326
0.006248484940700788
0.24276822207306736
0.06646943663666291
0.35052752048017466
0.030372509025737203
0.020358530627208996
0.32346008754685085
0.3237676500937146
0.05931159217602
0.006987708083246366
0.39622129027528236
0.6573988654771487
0.5844543806905036
0.04517260780800862
0.21237272337529556
0.8615117526449901
0.2375491031982192
0.6545793557759606
0.39061426922660336
0.5542266473035952
0.21208094663173047
0.8714882540957445
0.9834436433607245
0.7831670984898721
0.5032139307352813
0.10499481286675676
0.86858075400807
0.004873634556833993
0.3496463138211121
0.022687447700673654
0.3406670011953431
0.9902733608991927
0.016908889521834766
0.039849516082976204
0.1164795027174959
0.12366043979089977
0.16969086893208896
0.03486168265775263
0.6108597723910879
0.24434011377033715
0.3469930894240405
0.06515210240276485
0.5350887969137963
0.01903018157222237
0.03951651316791641
0.492922435396779
0.0524520938680497
0.03259584330128011
0.007808745282079187
0.7588799850726561
0.05071380856762054
0.4520354436534384
0.2607710686426267
0.07336568816813918
0.9970582317350282
0.5591908640909715
0.5288965681946391
0.03602963020602667
0.23475092647928145
0.007418539423367899
0.06780841933333011
0.9567955149118509
0.5258188834209907
0.40536642577977094
0.00940906339442471
0.15586060804212487
0.46407467688235754
0.07645294596199073
0.6836075714358104
0.34802144491328746
0.0604135181882904
0.1801551633573771
0.007937467651641127
0.013498719460247586
0.22522568123413567
0.9053273083332125
0.7314526257745462
0.10668555326115428
0.010479313867496988
0.15110286518761978
0.004982397993995935
0.2586971773333047
0.5977795024509193
0.9522411494841005
0.010438618370420759
0.3124456248029115
0.8204654522878678
0.019880815893653273
0.7990380437325775
0.9145556542650358
0.05513048295791047
0.5178222063108429
0.4348179223661548
0.0926618371914331
0.6622581996474577
0.14990593944079517
0.08418639603936792
0.0698161214358552
0.0185003237523991
0.15040009145230945
0.1619876313805439
0.38563736997775555
0.6402732007180268
0.7722182062745722
0.2672101219095704
0.02846906882156686
0.008821325399611998
0.027976460795051453
0.008836337215387277
0.0510601936294372
0.0467178303123909
0.05750968348827906
0.519992625165119
0.6054660614485772
0.030181630113986155
0.02663111856163084
0.03369963932409925
0.7147914285675954
0.013416943779088055
0.0924141380812179
0.00512409181916418
0.021466394912637615
0.1413182328704568
0.04222583002838045
0.04322054628243985
0.5033449128730593
0.4651557578746077
0.0416421272081884
0.011622485781850473
0.18404562010574407
0.12055990470581827
0.16068288527118796
0.9606132385546906
0.8398138328096614
0.13550534562181435
0.5619719361927723
0.6804535335299464
0.03418823551365415
0.16450943224006948
0.3359504818031228
0.1330891516546144
0.07694087287151896
0.8483795209626422
0.07481594352706908
0.025834323122896793
0.17052705708466354
0.10436508308975802
0.017331883618314833
0.08841140820156321
0.13271867837258947
0.06537763454921579
0.21215300114177857
0.9614574288814316
0.7649193984880356
0.09639914407412946
0.03694314078594506
0.02221033687216108
0.3516275382153316
0.1372202982355065
0.2311875214450144
0.5173290390085535
0.4084457335722341
0.2029070758573502
0.07027647868212271
0.10813077080614072
0.45944505277599207
0.05848064424096288
0.013546353537231626
0.6181113222808774
0.23929012811078054
0.3908865547855455
0.14874606808014842
0.887157541502188
0.39682194958297273
0.477446827858678
0.7444122716760108
0.31689172255159964
0.11901547121213464
0.07064251444943327
0.025033323671611797
0.16142617857492725
0.4432805678157777
0.7771248129174673
0.706174157258359
0.692118208256792
0.02305860823994346
0.05124414563701944
0.32482521102370787
0.13379166181465504
0.20349467839085028
0.5682908419005933
0.30687247399135903
0.29473979696113395
0.06551876822425147
0.05032689321013229
0.12471763813194024
0.49282820308865244
0.2671167514822805
0.14707178416714145
0.6403123496706102
0.27991689210476933
0.5169090405584695
0.06973692695363777
0.4587103160954467
0.08611134302158537
0.2451872820206695
0.005986852289211465
0.08250104495056243
0.30252108997513855
0.4868826023587451
0.05416355304698044
0.11373452428358478
0.11656778448502987
0.34012797212084334
0.1476385366063368
0.551451663009168
0.5247092186202086
0.5850407589815588
0.14199695081232797
0.06050885790027819
0.049115749523975724
0.4742310117943267
0.015902113492284514
0.07204255053291862
0.5897217084805246
0.15946319744367232
0.5450346024641285
0.2886124829865557
0.07060666573043002
0.014032966448458264
0.37297558738598013
0.14570331761955752
0.40386340978045887
0.18732168221899168
0.3058698885407501
0.7330567236932976
0.7629831812206591
0.8119762141028202
0.05657871143830505
0.20753514054645747
0.5370005084424911
0.09264269266927445
0.034167013472764345
0.3499000270686235
0.02644745790784154
0.5189454857181619
0.1389152750607942
0.09699951563503015
0.019775466473757053
0.3948898816769476
0.1408330607707307
0.2453912335556101
0.002806431235543839
0.12839198041899497
0.2580813550243415
0.2925960759673771
0.0645533182284587
0.4019364729635199
0.17450914760864117
0.2164776546599204
0.6168739181489469
0.09749340318570211
0.5858869120218663
0.017834833583174257
0.614144132848192
0.23808737893397247
0.1392032648643554
0.14452363534182922
0.14415262384344676
0.20852424988352272
0.21195822285126262
0.2348358908644292
0.032656612231591026
0.07021313005457976
0.05047482850775046
0.25613499089250263
0.0413116563151814
0.018087333466826484
0.5537863755339315
0.05603614863642191
0.04107158978832973
0.17995451460509856
0.2532078394178333
0.008142951920589683
0.053908202322965684
0.11844129706903944
0.1133234179882734
0.31054533658999595
0.4856710013015957
0.8390877172193777
0.18977210317296844
0.03806054215032402
0.034714123785243856
0.1050371683547564
0.2657918118105271
0.2864801583344408
0.5413528150677567
0.16591154731845273
0.3546925496310003
0.0209975592575512
0.06502736365868465
0.0024948740427620693
0.2707572355193905
0.0401563908139499
0.9876408524155502
0.9848291080672568
0.8474088896984171
0.14578479407912265
0.8457075871203485
0.8573912978641628
0.4692379307202299
0.7879226294768366
0.11507893162189879
0.048882355613566644
0.10630640654609158
0.48552169375605925
0.4450442208603894
0.15019088124510493
0.06833311729610017
0.015886719150121888
0.04203976535994766
0.020273043460697845
0.34204960218240626
0.07847771987355716
0.9999066814492578
0.8973896247420342
0.9128881722618587
0.03550126363800709
0.3426688438097653
0.579287321109445
0.7208619013108782
0.017181067349282878
0.5413257179793369
0.13297395957698108
0.20031641210865714
0.002638237466403849
0.18053919063521268
0.0077029119423493485
0.2785408917068166
0.440773254400761
0.32001823109433597
0.4976798631775252
0.8429915246723733
0.7917576061588645
0.4051439083890618
0.015081908263088679
0.3894824791534908
0.06240957515267008
0.1093621427886612
0.29773350207509586
0.3360736353456467
0.39576748349480934
0.9914361788357805
0.5307952464191243
0.017968111996085643
0.06560833337741742
0.007864818507599899
0.06124493374807742
0.005569011473912817
0.018443566314654027
0.029738441222472163
0.16277848077985013
0.15495157964190362
0.011366166671811206
0.022547250949873473
0.2057117976588474
0.09796683992337679
0.5475378306040658
0.20836037633958956
0.22767447693409773
0.25162484670359575
0.09771878772899796
0.9337824586261864
0.6302904876351505
0.01275777796414893
0.0375575939061384
0.025338296585791634
0.002527698972625243
0.01295511046666033
0.033480728068668635
0.09201348668722126
0.26395071883318016
0.27107295186559266
0.7450763883285102
0.015740257951926653
0.2089143530855616
0.3936193934410331
0.9045501901969811
0.05186316049825253
0.23187611613860684
0.011893888321873347
0.7540560651659471
0.13612030255297022
0.01249801549446508
0.4597726265141576
0.6643218246190601
0.10885345265090078
0.27948823141328805
0.5756680077152841
0.7563749173144942
0.7030820792882194
0.2557508669101703
0.13418669243852724
0.01517160735258822
0.40824575652729667
0.009544094455675488
0.09014038855374619
0.10472015505977662
0.09532705059296474
0.46365460292778066
0.6122216981999028
0.23191918440155967
0.02116988798021183
0.6395842363727632
0.04481582875422558
0.11058406008661413
0.03760573677932948
0.34345779767934415
0.034183801187778994
0.2491608307059654
0.2621084633678433
0.04415762782750853
0.0714647955369855
0.5011638748857519
0.16832995179237106
0.14499750394125432
0.16752636155722603
0.08307783218780783
0.8245934408401874
0.8527308974932666
0.09660128482480321
0.021490000448506585
0.3758613182139212
0.02048379499707049
0.35552893649057543
0.8340504659165406
0.1985133361296409
0.03265124622321712
0.2719481492152968
0.7611541084886781
0.9258733317962953
0.016614554653274362
0.11966672871746728
0.4285974563143691
0.014177601799305073
0.1645171394511685
0.2226060926496484
0.32799601145149887
0.10398972525147143
0.7447159156390457
0.16298263546116834
0.4191959777111279
0.05191847473011448
0.09955467129775128
0.666405599345018
0.6101035181107896
0.7227473057409066
0.014225015569033985
0.8835797186462389
0.8182438949541027
0.09734942277579418
0.013498794917695707
0.07250630886776212
0.2525561043253261
0.05097670774924404
0.029553683065308072
0.05521438256651819
0.08719357895594232
0.015492939662919928
0.09814515163465289
0.03153035595422697
0.572077919156869
0.7231551635091394
0.5002821682198498
0.5790903225277615
0.7790145940545304
0.026281640339325497
0.6999851987007664
0.20541632806490012
0.05312999400221159
0.07885966257492781
0.36988276916403773
0.12072853813370951
0.5839945324654068
0.24111381891866646
0.3127166550136015
0.30460004671241103
0.3690639852669006
0.33973570169186956
0.6307598357530106
0.3552575494065968
0.8982690801873867
0.8522256401829451
0.04094096341241544
0.09931098124758525
0.08674650861583276
0.04815479523642196
0.011938043865321107
0.6116945179174156
0.1306002395758945
0.2472914019142244
0.3550859203381537
0.4788160261674238
0.1257680075287864
0.6521692067292484
0.825696388267839
0.01046630777798661
0.03551878248595279
0.008357779110181178
0.04514087923763572
0.9899517398470583
0.9378392288474529
0.31114017537671074
0.25859084720971043
0.0645013652655201
0.8771875925278619
0.18930986598612662
0.012518501339940003
0.5703582584909732
0.1430458328818052
0.024369255348100805
0.030557442229499666
0.5581528266447532
0.5664608063444608
0.1588384263650995
0.04760675476659682
0.10501095503794448
0.08315599494172568
0.052035068142348644
0.03532021810049875
0.6127695863494595
0.1018309137230275
0.8094548546162633
0.42481310187159493
0.045570290762346824
0.09486054758149827
0.6765244139673379
0.08558959632779319
0.1039896381313195
0.5276310653607585
0.20549915172205413
0.9995373979787741
0.9990680562386925
0.9978396538082442
0.014115097954056457
0.8366319732023381
0.02371513539932056
0.7735117278763635
0.2987014801109918
0.2834862395299524
0.4959682052512914
0.04213715832290972
0.18090090391365696
0.46788706146376835
0.3127494783864263
0.038703493771727
0.04046028233712585
0.006176064708179269
0.8417577560577882
0.7090421391200449
0.2827537648570583
0.46684222247233237
0.4720720319250535
0.014110300082056241
0.11442666474863862
0.09232808125007577
0.007572421146991346
0.3766887197909072
0.31207996524108267
0.5134670181246028
0.18543100016554984
0.6318938317289676
0.01849404287173168
0.02421120225637875
0.2738824165915634
0.222717963117297
0.8823525860233311
0.6112978821366377
0.2542220632028318
0.24190111614063395
0.018320934523971755
0.01832507278341643
0.8514152781506191
0.08511808859282698
0.16447929353294413
0.1401358371468331
0.12590444990832553
0.0069150723053383
0.25720987269979007
0.2326675393340186
0.015015608518377337
0.027815772340832785
0.2033963668670991
0.17598422670869324
0.038126506500186425
0.3865303386102354
0.05077369644789434
0.29986352799169436
0.5032270778747462
0.40783186074120875
0.6917166143641628
0.779104229034594
0.0029029483610923034
0.007026268055151415
0.3154391263202314
0.027270702113468152
0.3999242517844719
0.053256986387673344
0.46244281408289034
0.35153800107344485
0.5016905449127357
0.022481907596433617
0.5505471898626133
0.9989386967138304
0.9955657542435131
0.9033418401458961
0.18784433426515582
0.3087316989026774
0.41921319836903387
0.009241115656263297
0.7683626530101161
0.027109000179536553
0.05711175109249678
0.01603733530983632
0.4604992529904392
0.7034415515849111
0.07529078247953341
0.0332373849039858
0.946840119674689
0.29643136486599037
0.031373506501598925
0.00960975207539932
0.9777975677223436
0.7939716552016917
0.1276948116913275
0.11895106292046247
0.7481960881784985
0.7611461691866732
0.6874907701779972
0.23149583512405283
0.021376376959885153
0.27241327586815595
0.09346351106066537
0.923640197261816
0.8171903033724675
0.005056177975491791
0.48141966305259565
0.10547607568963693
0.5773282500850232
0.023577752501674407
0.6852336866882713
0.7213908322971297
0.7515327387865491
0.0888089187944934
0.27858839217201503
0.14827425550193515
0.35887490336576217
0.019359519964597584
0.07523720918659402
0.010986708770395653
0.5675742202735888
0.07325177172098309
0.19835317327187701
0.7241535280374458
0.5127782675694805
0.42276805941725226
0.0963276862077131
0.7859741484857303
0.03239866255538889
0.3215563142073323
0.17457925457649534
0.8554129630059368
0.46175957527806266
0.7420782224354247
0.5565489032819777
0.13634340127167044
0.0526141481540207
0.01562141230682067
0.7214383339022695
0.851681415163187
0.07757361978615658
0.727687466015832
0.03247370734133617
0.04032402741401694
0.32995407330724214
0.8123958791333996
0.026441873824861326
0.5071176660197593
0.4421557416069333
0.5587726288298547
0.06315876276775806
0.06578077368977496
0.3473549172970453
0.006593047249855425
0.002371525996679301
0.001326817486175313
0.006771864452296757
0.12196140614829175
0.24215788108250652
0.021989056893878152
0.1838538791450283
0.19496109942025033
0.7060671707330956
0.3391741205330943
0.10095814134604963
0.23822976825639708
0.20110728075467504
0.007790131382258695
0.15820709893972376
0.644176027143882
0.18837082579311323
0.11987175098991072
0.5278948162937804
0.7479585275184377
0.26616908154052416
0.9033242417451373
0.9304724576989433
0.885812896203606
0.8358275383885183
0.9287103328195337
0.8861424905792483
0.5580387110393948
0.8988303697942899
0.894532886770747
0.9713526417217984
0.08338229271773134
0.0598753750718863
0.5860600374069389
0.6635301097695754
0.135831625530452
0.05350985982426906
0.6631621717659729
0.009259078678100375
0.06318158389677325
0.1948049348968728
0.8439897298196838
0.1633851230074969
0.22105113804743834
0.6289181736021525
0.23228802027224968
0.17919378718139317
0.656073644575076
0.026194047304748763
0.03924595169900478
0.26355283388317363
0.875509260300112
0.6530294855565546
0.1132602065342566
0.04186981119204806
0.2704836175970645
0.24704224959418059
0.22320366402421438
0.2793419767626869
0.08136200494844782
0.4669232080645414
0.8693643656549512
0.04926355053511557
0.924591195319433
0.18019787101096443
0.061726899941419375
0.9676433137026049
0.7774788768901069
0.0705940510188774
0.12135457051602107
0.17805055585851975
0.010584879121727127
0.20962148986972592
0.2293773596268294
0.15561276248348085
0.1553828763727217
0.04357428336906899
0.7192594037614302
0.7264019196285425
0.7235257484500799
0.6662995004023265
0.042157173736187804
0.05980282334644282
0.8997158231111454
0.8255660597469142
0.046961196812677686
0.0643764416867728
0.02648056248086629
0.027494737115264394
0.0030155418318994483
0.002557876199334499
0.007184614033664435
0.2001809292518836
0.44807884690310384
0.42735103081536685
0.4425538331305
0.33658782590163516
0.1826687122104106
0.05328233748691618
0.023188581883949965
0.3448291409516832
0.5627077692631549
0.24676380651368915
0.3158201344029549
0.6933988629491878
0.007587404186219626
0.44574238608159084
0.17087013220804553
0.007614098958668684
0.43117043686622214
0.004480654645946344
0.21543253904464005
0.6828420967523542
0.03180157723409583
0.03047990590226117
0.9432498225824814
0.40426622049795846
0.8290001824825108
0.3171446322239298
0.6894715202050099
0.5597074267005877
0.6672680240696498
0.6952062276878114
0.7871585845022105
0.7121303348284783
0.08945507442405662
0.8161712473948649
0.6713707548464828
0.0839575514309039
0.24958896847138284
0.8316344416922796
0.6908278866724119
0.40753845412528017
0.6792456430019065
0.12807788454574004
0.13242686871778078
0.8462181001119954
0.3936443697695332
0.008724610085656077
0.03209093078118492
0.003879160850821764
0.29541702898105887
0.77707505843823
0.5098847368883859
0.4200854188111914
0.49782439638867004
0.008162595458666941
0.3717739181589675
0.6142498922457713
0.6101427253924243
0.26811933593306386
0.5880361802052531
0.6418402747821697
0.15744818384467443
0.7178306275375772
0.08806613195571851
0.08245937091012485
0.6976958157468744
0.08608084873610464
0.053973632336972124
0.005619423134504072
0.07628068144349875
0.6223272837454197
0.2836113514901772
0.0013558039817385846
0.4193300615420627
0.12610616090139443
0.033719275712356535
0.6682878491081307
0.008274303883710853
0.06855053643575507
0.556230294319375
0.5862773223272417
0.06675193045936069
0.1049689749493559
0.0198904201919389
0.0034315672985483084
0.473711103486866
0.2912801680605895
0.5253682546673322
0.19371134613270893
0.7400226225158779
0.05080923770267798
0.666169808721343
0.07294231853300212
0.11997181289440297
0.9187308379744418
0.02381599036141769
0.898259958202614
0.07631544071759669
0.8623979477410955
0.7611469067246496
0.5254755167501972
0.7606381766033564
0.001340195719791495
0.041680338720376325
0.46652982447372315
0.2271183945980805
0.48266615288913356
0.7913530728616684
0.13196173505088135
0.12170697713144989
0.12528070392063567
0.9446099243511318
0.9113441232032666
0.66537204350231
0.03372217240220717
0.0069526920985145246
0.8277313941429998
0.13783218076319634
0.021317020033589637
0.3277361995785858
0.07281257707646117
0.7113577808908078
0.9214064909697535
0.07020188937670784
0.8550877795070546
0.7674620955702308
0.8601737158561584
0.2521383342130226
0.29476704170062884
0.8165252297271834
0.15618564952319983
0.3223271046546062
0.009605655323894869
0.07160455678843336
0.03872191982803762
0.09614009181746475
0.16513680033358022
0.07840407922249752
0.014304040930897035
0.3452369188589259
0.1377261196901114
0.04888118939669509
0.48839483877575707
0.5622861218828649
0.2089605515587284
0.004569362623983814
0.015065297601748741
0.6856261459392359
0.6834700953159163
0.6577410501160968
0.7556768274421091
0.1105022629671569
0.0190099359762741
0.35422374208335056
0.6709566757759069
0.9454485809391371
0.04498444756418817
0.1697033510497337
0.8428953186225385
0.6156404331768657
0.012701427066286457
0.4437923052888839
0.3027416200247551
0.23299285193983255
0.7039854273213623
0.7105672427407894
0.029496544976008707
0.6771580135122808
0.028182949905025696
0.03223382860125744
0.24660693475965276
0.032030588624045966
0.29949727941073345
0.20942066680381455
0.025065970449585147
0.1184760522119902
0.9690294479939549
0.8740316276674482
0.17816639134182952
0.07963166071200807
0.1456502032447065
0.029601495211638486
0.016676370267296802
0.03865487687496192
0.4270757271291392
0.06785760159079549
0.6048351830191959
0.04730673628436782
0.26473800553368454
0.287201683491112
0.8174400573868605
0.7278022351056398
0.24976042102854984
0.05002935514649066
0.31677977494538806
0.03546623001148627
0.22062632098696394
0.2788638516595008
0.9950938735514895
0.988626939709739
0.04747378540990747
0.03467731940977859
0.03740672854202754
0.27091909079757087
0.16766593302896513
0.05951491385577356
0.37561096859313203
0.22775584389112272
0.3365470559235927
0.007429637445450755
0.1295755774839125
0.07157469024337461
0.13020954338613075
0.4516970174080288
0.25898676029184037
0.051886425176004024
0.04727301470976455
0.019770732294480696
0.17504442193933503
0.04637961983230534
0.30691817831639456
0.9959667040077717
0.9935012491281221
0.9965702281641461
0.6465149904061116
0.15939689191892503
0.31983238510724604
0.9962669529193862
0.9963816310048895
0.08638073977191622
0.0050491748169906245
0.2734288349250719
0.289686402576775
0.04443979585446068
0.04169638965199273
0.22536938987319766
0.014739404047172174
0.06576669942206644
0.21008475411363264
0.46422480043304815
0.04972260066765324
0.028513819133098743
0.44271741003193676
0.17039971051431077
0.012552472365055497
0.12266322373848819
0.10916471856852836
0.03561757316516729
0.6147550498554406
0.8077357916632718
0.03664306378240357
0.1350394815055499
0.11087314962366569
0.03377689766650245
0.7338899780868962
0.2420684740715511
0.5828192727674688
0.044624633016259074
0.03767689361927031
0.31016680475497854
0.5019978820760603
0.9703404800475489
0.9910454847454551
0.9291129651924795
0.9996126275543378
0.12859789427461296
0.35327805128265183
0.06194904181991976
0.13648803924168923
0.9775914084421785
0.9996611764339124
0.9992990216863972
0.964234519343513
0.9914258190888388
0.0346808735495764
0.016143635802771134
0.9060020319659341
0.00935704289969407
0.008343362057875522
0.048887245336545565
0.8153360252864396
0.0886568770293089
0.035915089666246805
0.14513768609987873
0.20730438486847236
0.10137239417920978
0.015232605686969625
0.16699872751940015
0.006244202751630562
0.041868443584034326
0.962315110503927
0.4622679539703281
0.8306701446742424
0.012012858679277308
0.9831548713456149
0.9934658937891633
0.3376047247361209
0.7117392350252586
0.4899796336954879
0.26640605999540745
0.8241018853032144
0.6366067144032787
0.14986181923647318
0.5085037765845455
0.28328572154825676
0.32978728796285334
0.8352121307860274
0.06587871885561268
0.38397730811900876
0.09731348902072494
0.13593526463181865
0.9933696916837279
0.05613876354546462
0.5729733748915481
0.44064321288667757
0.9825648039376507
0.716734278249017
0.9993442848375736
0.9941104239672159
0.999773180952384
0.9767449490751132
0.8836104582878251
0.7488802743017927
0.6975318015243687
0.6910673877144117
0.15940142675450156
0.7105286091582019
0.7641855498083437
0.42706804220865224
0.5438345610212099
0.23960409639046004
0.011388148988673078
0.060081179238307816
0.06858279911066485
0.4964532673378904
0.9279158208819779
0.6284759605939274
0.027733039615990183
0.010943547841319607
0.008565978150891227
0.27614799540918555
0.379630787548135
0.2940361734173351
0.4588686746128884
0.04510767997834556
0.031775087603910276
0.07560128403514386
0.619817076241736
0.6725706875707518
0.033437230158363015
0.35300886283141614
0.1466797335457992
0.012815100949222192
0.7656155688020246
0.37961382868763377
0.2981234146189685
0.1132402810282769
0.15753595177977953
0.04680948581563739
0.04984383059823401
0.8101301594968515
0.031779924656019296
0.010006599889580947
0.9745342122255191
0.9765047898711393
0.2797093524323781
0.0058537013591214455
0.6316504546703945
0.177098036599685
0.5923916163894895
0.08835248733199678
0.7168408222040095
0.574248674304236
0.18594083535945635
0.07061478449379396
0.872393291648877
0.15012483187457007
0.012753484948110365
0.05410072070892824
0.06775767987585231
0.09200923284961217
0.052722191932407125
0.3234627827857086
0.6661879873242194
0.6332704353605543
0.6247072699924106
0.28413029638045895
0.5734742352537752
0.3285720017813129
0.23271471794257823
0.5985503487831455
0.006321844959306867
0.0029644158380344116
0.0016498894770691564
0.008341740881870494
0.39055875918052957
0.07873036278173912
0.018973333987348656
0.7200450626563946
0.012754108439502053
0.3601061282769149
0.162402111214726
0.22580680521947938
0.003953058793181567
0.022563893870676005
0.7629080160412207
0.9181636852992152
0.0029598852056112223
0.013720158205735675
0.0040600933237694
0.06742540041949038
0.03932008857015544
0.009495765576521192
0.009007501072012678
0.4705364624127618
0.05096910484714546
0.6221208670043231
0.051527221072358534
0.038822055157944395
0.003291233276494248
0.056363871859776093
0.03219226854093618
0.061341895636532494
0.026161105184852127
0.053579893068064995
0.09985347068665071
0.8376425035298696
0.5396855782057854
0.2995906196647569
0.13127370951546835
0.33129633460508806
0.0541573956984431
0.9363108822551234
0.044759555068803095
0.8745707941555089
0.4866183437899366
0.7287038434667931
0.09564816973858456
0.27625440392970674
0.12471502640225701
0.28753851059198465
0.24193342778646873
0.7775044739282253
0.7030983055381603
0.516086161522202
0.4410114509671113
0.07021976065160279
0.03176625394558946
0.09600200182414738
0.024199586329432955
0.01484439647264004
0.04992279935022506
0.061534418411636545
0.008552791539348212
0.4379587776067342
0.998728187671615
0.9972785210336454
0.8476440312821988
0.4867735091397868
0.002258976991109093
0.25355343889735416
0.013795759403954022
0.07434564894688686
0.012450036678031575
0.05271941404423434
0.22725863546211683
0.04694798301122266
0.8970511122431489
0.009343456382763099
0.01905854789805562
0.9109089121542144
0.7506084568262763
0.003901147695115293
0.4330149060547524
0.7812718338840404
0.005607142133368729
0.4452299949918402
0.0018279301728751612
0.028811842215062715
0.016173764174790762
0.7023978561511336
0.7358957703046421
0.009776168304559768
0.12675135820088873
0.3423005524895428
0.06636987238770418
0.6443509084781593
0.19485707285863801
0.07387033120971856
0.025722972286385017
0.1807483756967733
0.4003657360376037
0.025066813276515713
0.007748690146721809
0.025308502774482936
0.2675005004952182
0.4062116905473641
0.051623413180475954
0.7846054289634319
0.027407207446666405
0.01768076767934736
0.09180691940843755
0.08825296492056017
0.8433262420630273
0.41767382281689935
0.00919687028767687
0.39264699437316763
0.11328282501490301
0.14331640782433352
0.23048818811284005
0.010949534285329195
0.00367896617145114
0.1873447222423184
0.030270595265432194
0.057032699846013155
0.6510730200375291
0.6763893397080969
0.38031210884229044
0.4287151492362892
0.29282215842566717
0.2597677290794538
0.5083399954101024
0.386786166432073
0.5441766952347131
0.4773782466237876
0.251069657807765
0.4723850122085769
0.3115704526750643
0.6288851264696921
0.06008069005837648
0.026633744110073777
0.005325511118116849
0.32942594257895463
0.14834372575853938
0.02890192726499259
0.11482904514537971
0.022612274121622984
0.2919734266857125
0.7241334356771567
0.11570120235601977
0.09182515097830186
0.27262111955796886
0.4526003607198665
0.6771093676581119
0.056523447356969805
0.07157732527892131
0.6862827116007131
0.010477731080626128
0.10171894871043564
0.2583560634761969
0.05174890950954179
0.10017144348546565
0.4463533915497462
0.06812459898070979
0.030422048646926686
0.07348481211758474
0.04839629919077511
0.017983288637132604
0.4505048609029717
0.6690483913003125
0.4062751997470934
0.01725250162224974
0.9966250076908939
0.991276933341085
0.997833501368526
0.09539561171221704
0.15731892815943113
0.6625854149883151
0.8662150625687565
0.9446640460993412
0.04516700179198491
0.246679391201955
0.4763376802744961
0.07899443517234715
0.3640636814885591
0.3574324931109953
0.21149346675232708
0.817907886401678
0.9954251911587193
0.7152715963188666
0.04017299928013496
0.19483908480175877
0.12745326599693552
0.0034247874005512973
0.7096140945077752
0.8649915255071259
0.8593010278190965
0.1532044953641468
0.02767436019747839
0.13814701304726357
0.10403829788305095
0.04242852311430263
0.012916585659917077
0.10873432208183252
0.0114617355630475
0.05645095081753095
0.12174358733665079
0.29071312505176183
0.17399754546092583
0.35323110070306274
0.2505952692353592
0.0060072240760221
0.009087021686776345
0.01147083174351778
0.4676180507950158
0.06562706567973613
0.027715761973987264
0.1519759352238464
0.8533430926121642
0.1010216043638803
0.7505591809852378
0.4782646056585763
0.17441190707323342
0.20168161162854845
0.7521369342511258
0.45408267825199505
0.9978661857300737
0.6576864444272332
0.4203899338934767
0.7159079756294794
0.23360122003072825
0.9557881549212376
0.3655362551516334
0.23016911660987602
0.32442710507194167
0.024739116015939727
0.06668379453825804
0.18831394663754766
0.16514293376647096
0.18679976144527552
0.16648134552475144
0.0114063134570601
0.04447661656463317
0.4755994058467566
0.011328368557191378
0.08993409096236811
0.031604919263680066
0.18063226603307633
0.5260126041027426
0.6826492029653485
0.3397795648741844
0.03729695708570917
0.39944482493830163
0.2601813539351782
0.27396387932799054
0.008822527211968285
0.7587369998980262
0.44505711197911835
0.9127770946837405
0.15144044614183763
0.27939758489177957
0.4687684129662687
0.7779699653373812
0.5952603404240695
0.7637499735233675
0.7210394488117565
0.13128430821151946
0.16304734380703026
0.01857670530160965
0.10407584304346654
0.5487262988836235
0.48533419463201105
0.6370402433669149
0.8943290258978017
0.13250010450177338
0.020757884962844062
0.5415577100282382
0.045447057890377236
0.03977473658518812
0.03307125360868586
0.00820331109122288
0.5439796375280012
0.47940873992515964
0.8977929865532164
0.7262505989712683
0.7787562628502712
0.6977462268608849
0.9111735548018846
0.4558789816027254
0.8554235953906754
0.27180186506260895
0.12089399393791375
0.9928499116239549
0.5239491342306993
0.5523575904650677
0.026769197853465727
0.06996731794737591
0.16056932974381394
0.014831375429790671
0.016416012562152225
0.03761137997455145
0.6148044659527977
0.35536889458909
0.002629622740386515
0.8743371522420447
0.38342787466423517
0.8432481649913279
0.8378951517042623
0.07295291936543537
0.13219039661286755
0.12700078230159115
0.3318253279317294
0.049787527274421754
0.3719673292272615
0.1159761784659118
0.03987395993608648
0.07634999191851213
0.0943586895405865
0.09557937855124819
0.05914304768382565
0.07875215517744971
0.653653576208587
0.3633384100899182
0.25694177927473894
0.6287916401631594
0.7645780177833913
0.17197777249072377
0.6378263108362417
0.06038816933814297
0.23684548141971962
0.0927300783548695
0.5316184222050071
0.6622325423833536
0.06397111953167363
0.16920960142955999
0.32751549560040355
0.32024757347662103
0.11063713196365403
0.8916451402559538
0.4527883422547658
0.7823532317115286
0.902178966719717
0.12982052652206832
0.9091254342545196
0.6782534416551292
0.359587947927314
0.5212093279411182
0.2965725461637278
0.5297952778927713
0.3401624512111633
0.4899710803652473
0.20448379359203014
0.5971270097818503
0.00963993604760634
0.43014318840773175
0.5536477123129093
0.21804457589766862
0.36083114596159077
0.3856832588081386
0.05712167325289815
0.19326017976184104
0.33248642464861733
0.30096227666866915
0.03228304219287464
0.3875576166831631
0.19840013063672982
0.20457373834844636
0.26582269611585885
0.5858008726982799
0.13213602183227494
0.022243872084602365
0.1381551380835171
0.019519905372240423
0.13495731774288486
0.08691554574960648
0.6839880249097131
0.33841000545580935
0.35521419780868835
0.9747076410096104
0.19842724318512692
0.23277175198262298
0.10331454684559742
0.15783133672281824
0.0948307727931321
0.6875085556599598
0.005528325948021046
0.7508114281617924
0.032297045674735195
0.6327408272985295
0.09127147301283733
0.044962091051418324
0.08224422981485435
0.2156016863931973
0.029405522992017735
0.4457250067034236
0.22560248632308352
0.7241661330703426
0.8841545976095361
0.7247498926037278
0.4868278241425811
0.5477970551728013
0.36657176026631566
0.3236270865240109
0.1431044650868266
0.7018336071188593
0.38484452520902224
0.15359798874509778
0.33095647600453565
0.3103395106119654
0.8014309966611355
0.15347422272435046
0.09088752911203694
0.6134748190353639
0.29812484960635643
0.6673628297924334
0.44484090637986623
0.4232789145979987
0.4011269553290312
0.07979627276025573
0.005103164877253911
0.11522075270137463
0.005479805973116363
0.011349245060160744
0.17835665214779708
0.11035694144911502
0.2444207726573584
0.2688448446729578
0.06344878480501671
0.19713685849600288
0.44172372946718474
0.25403890883077884
0.32829676127199
0.399189341719721
0.7498467922230693
0.3043999113104246
0.53422318511476
0.6813908801635175
0.2833652337996081
0.374954291624965
0.789614180400531
0.7063221177742198
0.6931974457079575
0.03410791189311533
0.04148091908361136
0.28918896864819
0.1644371661645877
0.2965204631568346
0.8039227433479985
0.4597064058140277
0.1845896887256471
0.9641684468935392
0.9692627238751153
0.020791812173337833
0.5144528990682039
0.03697068552088199
0.013684665889470595
0.00469718645368312
0.0043210962676172755
0.015358905021602092
0.37269971246832806
0.013394811401994047
0.08658989421134633
0.4508565445335246
0.39483183812980666
0.44710791016549406
0.037374883472672114
0.04651319883004353
0.582536358843298
0.23435336803366447
0.49281087016250374
0.25798282681848017
0.5864199547664719
0.7293804154999427
0.6119554756500448
0.009038120052496348
0.019990932080222096
0.12806613295198474
0.3094882078618039
0.11264498374087219
0.11236546866397247
0.14588862956040521
0.16224987916821487
0.4999049811685075
0.8728168873187353
0.07344433474832436
0.19384994353155555
0.4217623101234828
0.039291328671032875
0.6047802847377809
0.18136917656100815
0.2594543098789062
0.10979826597415823
0.0564435191096901
0.10002995943488067
0.4823756591419049
0.030345946346214514
0.04432589136359484
0.12372924540982042
0.15072796881045225
0.3340301742091379
0.00614797101350812
0.036745776066990574
0.5994711010719254
0.3898027319266884
0.19656182369606426
0.3111071225437724
0.09889277598585862
0.8536249498507467
0.20001293358253458
0.009440019714845906
0.04487856615271057
0.03031900183954134
0.0041544638156885754
0.013151641174413404
0.12098590717306053
0.6521998253989718
0.3776892348992211
0.04814560790548495
0.7665235338995223
0.024672589321386912
0.5049179524084428
0.01152014962325862
0.03183516436816732
0.27089880118937837
0.2028991869714626
0.9113001407780549
0.014023948168251362
0.9191707936925283
0.4013166937923195
0.018826891592198188
0.6467861522485086
0.9733892516416786
0.12181661322536011
0.34750039768292196
0.15897718865798022
0.8111446225382267
0.07604511432511478
0.17061765286412559
0.03951001058949337
0.1728441599190728
0.1556573424700947
0.09309823231572005
0.04248767846690477
0.731043427222408
0.02082341621207036
0.4269177066852352
0.06550144361107184
0.08855663560216501
0.1045841348088391
0.02516483126013708
0.0362113731288999
0.5212669986821664
0.3873891177972078
0.417521494871719
0.19683843886408528
0.1198416264594104
0.17978202873637192
0.6171537393182258
0.011462558928786762
0.39862986864386585
0.13100488139033725
0.2059602731756199
0.3650027049169053
0.4788041955347591
0.7755172936549946
0.36399194469589186
0.036842915234932994
0.027345095379362423
0.02090725600906017
0.42757050939755625
0.12296214372466668
0.16093416444838218
0.18635983607153178
0.419741318174636
0.03347277487671558
0.3755596493505246
0.48979653647036236
0.5807838689919012
0.2781304850552687
0.030539099282733947
0.04484689049023692
0.18787200807366355
0.3723263886477255
0.94352389157967
0.38929098392002875
0.07213199659939958
0.1409380514658666
0.4744129817093064
0.05145448235240321
0.0059635321475952465
0.038354740310779734
0.47983607538255807
0.6435128660813816
0.3229281137817298
0.08904342168501975
0.22085049245961227
0.06559616682733121
0.6105688108802164
0.21947338368956615
0.45109475301340946
0.17265516144532597
0.03769582883966167
0.03290679522175839
0.8604919717878574
0.3268974539637005
0.5715558867240086
0.12874649615402958
0.011474270296395911
0.369157137142932
0.6192123576847423
0.2970848342542694
0.31392784402330404
0.7245889893886021
0.3432966744156128
0.02265054755466124
0.015250109119404236
0.029022686272815647
0.6121927904865462
0.26478309946806305
0.1784595260104875
0.4507586717018873
0.3428513187120173
0.061314847144100175
0.4017131339395862
0.3261272977899054
0.03295291164216501
0.8864729279956608
0.2446605580884817
0.22730710262527493
0.16603008550962794
0.5636321926292388
0.23165280438561098
0.01495687081046262
0.15390300220415834
0.14912758655381925
0.4807868926155538
0.23705535415793033
0.034357867019185785
0.007361248541498382
0.15355094881121745
0.027335623939536424
0.7603908958143698
0.6161356249250374
0.1767283201338698
0.14052691429870431
0.16778114475752784
0.07924237263398488
0.6233332075767867
0.3918676337507529
0.01143328520657872
0.006651819123890518
0.292681456878011
0.653794417613412
0.04717793177517808
0.02218821877137539
0.5737917748925079
0.13791868015637795
0.08098818743063409
0.41487953918752
0.048112501140019255
0.3014715628018101
0.017784567173472234
0.07434907130933069
0.32342089517836936
0.5920996750642202
0.688273459507816
0.31748317723431974
0.5264937068447456
0.05546918933241894
0.16780928343746784
0.42644645725173197
0.22683690228287265
0.0011721372437775198
0.015508020637246888
0.6775131046159271
0.18193259802612186
0.12573896535648607
0.2430539836267227
0.7281852547451175
0.7168639748000588
0.5078220018803651
0.43246554440152085
0.13813762583818304
0.7801916192163582
0.5082812601166088
0.40463164379656824
0.1182534221712661
0.008658296545289632
0.014195109554587353
0.08706999570766032
0.5833118906126926
0.6040340006628472
0.1954657683982485
0.257800868647111
0.41929216964028015
0.0044748917243415875
0.02218680179102827
0.006896389733360034
0.7960202233773721
0.02393789960197887
0.010720451888780682
0.4899526962955034
0.11692435247788693
0.4059978870126921
0.6667611734611678
0.007508334126497051
0.547877104083923
0.4063775072533501
0.01941211727240322
0.3800088118813534
0.20537545338991087
0.6502777384885313
0.06550161225976578
0.024392570904346083
0.8445739453429291
0.2101114977660006
0.035369989441325134
0.34373464834051837
0.009098577941870222
0.11813011987493431
0.06904748486594439
0.7178884574838166
0.047349423225437386
0.005209615251285278
0.026487321799921998
0.06883072535940529
0.003871573723004013
0.08267029591251823
0.019473147406584075
0.1969566052991639
0.024531367440067144
0.06413747655352928
0.06697487917040557
0.11541429045520961
0.0929485885196667
0.029073493716499334
0.07610734299721089
0.0015696423474695581
0.15378188478099633
0.7124044752863966
0.18100695964212618
0.7498627128279054
0.03472689716954616
0.20695908507287095
0.0949581011897835
0.21392853095611672
0.056304714283076415
0.021510593599889185
0.07793797324929118
0.08853817086663884
0.28071361891995306
0.34037438576183965
0.26076742252126206
0.004722559385643504
0.024120355151124602
0.014302188056464946
0.07237084429976562
0.14392483906514195
0.028485255933548944
0.6843941350378706
0.7312185024510696
0.053355428096072896
0.07629135858577776
0.30233000460349
0.5570300705943417
0.012486071568529917
0.2670981481810584
0.2760266117585168
0.0056562437831897995
0.039265309988323255
0.08709102740664516
0.1402115192088554
0.7887305942722035
0.020619361348565908
0.009734789046609927
0.04872490461000836
0.06296967482778756
0.18157296999271366
0.29321987765764956
0.19432089042168643
0.167721125706759
0.31182597883282875
0.0027186731021546853
0.10329349150111938
0.02597878696159273
0.1143178143868457
0.17853540886011027
0.32795207153910916
0.03780961039757634
0.012830611260390994
0.23844786118458122
0.023763525527072477
0.1437442518738564
0.4923549814963153
0.09079970730023186
0.611188999461857
0.376484861469628
0.041561535524526384
0.4060403072585033
0.16853622784908542
0.0016484995708845617
0.29111011535813686
0.16572369938034665
0.03800602471461211
0.019599727859248958
0.07849463712437667
0.13765013305009943
0.27381111474716713
0.7212134931601173
0.020310390085504622
0.033069316314900635
0.007535644389317621
0.017746311294396935
0.06087218069083523
0.2656377000897268
0.06557409686343428
0.03175719532012128
0.17927549467523124
0.13814334661593897
0.3082611294951538
0.08269043109770488
0.00685060144045253
0.19442786413187316
0.02946148931226522
0.009621836706037721
0.32765928212472334
0.17169041376663224
0.022559151760674426
0.8550013655633625
0.6373137023692947
0.28644528115548423
0.007421182713744395
0.9109234736816529
0.5588669630375138
0.4166454759731113
0.021008683752719696
0.018088979205516244
0.6672029893538174
0.03663415032767924
0.014800391331971493
0.5903838266612079
0.060194515843050515
0.5394133013293299
0.23460604884763547
0.021355334812975565
0.11975193575132326
0.4534390441038119
0.05077009215226129
0.040840391230556695
0.21117380080607767
0.671717744868455
0.0683945101063953
0.41427843426344824
0.016071331741445916
0.019305394314327158
0.11075959890246978
0.0015758577457997984
0.677387362553578
0.06996811531793896
0.21361178189770605
0.060069016581833716
0.516243279429869
0.3200979246804529
0.8726564443635656
0.09281670568515868
0.2967478112129726
0.07964959765264093
0.06274089672215459
0.0513565843781832
0.5165411848436393
0.5375454000574585
0.5773647834648066
0.1324017118465851
0.07927489205556067
0.31097767366528173
0.07639584114861324
0.3000298397273341
0.17724666489429305
0.055184847987899376
0.07689449541488681
0.028133463656857618
0.12864348986570615
0.017654558706039623
0.14010185095585512
0.02895939103309472
0.22215367814039716
0.3875047265133867
0.003104323183946168
0.04231998440365311
0.07407564445339501
0.046140515258386486
0.033121388992092965
0.22303980151822123
0.03530336582988026
0.5700049556229692
0.8170182991308165
0.13156880184517106
0.058709382405214075
0.11497715843138794
0.006067677200870842
0.013733420927074049
0.027765303228031227
0.6717043593847398
0.3375616902994824
0.07791768271405032
0.17354414014220654
0.311229495885933
0.005380175751642998
0.020533151434142038
0.011190812541490026
0.030118767253194595
0.036093473420960295
0.1246490252642103
0.07972897069216923
0.02419138880969795
0.009699041319995813
0.7496117057814444
0.03960898124778641
0.800545476062929
0.40827237384874554
0.028336267280938236
0.09564736646255392
0.010025467289613932
0.40962275265724446
0.09384265452469674
0.10858772656981855
0.3156693602070875
0.034483732728823546
0.1331505219568706
0.05674227452901952
0.13845842182804577
0.09036471753323864
0.4932280652021205
0.21078316321035273
0.0757626351422204
0.009793537959249947
0.008383859231016966
0.44655286042661263
0.5094141737739644
0.5003382412543186
0.21423119744443617
0.473252774360499
0.08028950462360952
0.031566766994040873
0.11873647052522884
0.3646480576101978
0.22171948065820835
0.20811855833831858
0.7749148279715764
0.12898129413417836
0.022904307039782773
0.6117364382231598
0.6367099920119559
0.012201183557046602
0.05302324347367884
0.5148256351318626
0.021228132525201397
0.021910639443528886
0.012493929797653508
0.750382779284112
0.5270953482221596
0.1717154780510479
0.11950956398542632
0.5729867268128106
0.008607746184461411
0.22221265612635369
0.10237004648578003
0.002892708509359155
0.030421563243497728
0.05583766043605719
0.024806660890944812
0.015179455028226006
0.03933518209630367
0.02080308919924461
0.09187158960832742
0.007958392372601323
0.5606755016888625
0.00684086938798641
0.1073978205728612
0.005179264390694737
0.23072279326057812
0.024313598409911277
0.6612734521627572
0.012100361294391206
0.31454292693216584
0.05413092784754921
0.06840447111640466
0.4113216719146324
0.3382621940910175
0.018887475566365605
0.7611440433336795
0.10883334262728271
0.02765787259251318
0.8283241899625428
0.3404821805132513
0.8045060507512388
0.010519503680095634
0.2035292600619437
0.0658596764288733
0.03996252332991082
0.10015615271092662
0.3889327885507445
0.6667495309580905
0.1808398484553987
0.5453722211387994
0.17388704021674084
0.011446406486518498
0.06949865560937367
0.1427757264166527
0.34400228628787227
0.7922369271876968
0.24922087001153684
0.42767106516636155
0.14820730137934407
0.04308014093653288
0.06003056537598719
0.03223015824845107
0.008097287038423658
0.3814183604152498
0.005234039257209856
0.9193600188715082
0.1925351448579725
0.06313795599320858
0.007929288211697435
0.25669984499521437
0.5693119998201185
0.02755650272111002
0.043472079684748144
0.03269211192012043
0.3535914530513354
0.482537762067545
0.2713387793246449
0.027150926711759626
0.6784504002364575
0.34157243808772225
0.7806017945574627
0.413423288490466
0.0800354177591459
0.1348128917452513
0.010246031417248487
0.4523273775452246
0.09187453439378616
0.02249737415339487
0.013824174381092527
0.05836928290575576
0.015898367843156617
0.06630267005919299
0.07664843460756963
0.025890375399649782
0.14611946981751578
0.23430398787184561
0.45091893303382247
0.06990406382138986
0.2612256435321132
0.019347110195438413
0.12237712635170372
0.024935658359732195
0.19333359225232682
0.6508615967267555
0.49185003642380837
0.25961521186879993
0.021761225428042697
0.045446608634075764
0.48571374304817
0.037809092693622176
0.34012781174819184
0.23263535630640444
0.18854004970617017
0.4951811399698984
0.4883942084821725
0.6147839466426893
0.26052590693078265
0.33189015104676667
0.8106101742552766
0.010459227102077159
0.509932259395156
0.10150594234233638
0.09195210880404453
0.40655277576273813
0.7601717250860512
0.28591789995808625
0.23324054471037525
0.22885937970419334
0.09306725210446334
0.5600479174981786
0.10755234259785831
0.0671617164153093
0.1478577561771642
0.24407385023170555
0.00445568976561608
0.1442739919552296
0.21868251577088396
0.14721922748936841
0.07807561216750977
0.030783914814528857
0.002263431608538314
0.32337567631767034
0.03748862201751172
0.010785072326543051
0.17011228331721057
0.17011228331721057
0.027790559748158642
0.28909921843761627
0.7681828719280245
0.041416136840071824
0.04787520226939508
0.2589790492170007
0.8822594655051381
0.3692329990996172
0.07067880278617776
0.005207362277483396
0.014588184543500157
0.012337410379925416
0.21658124145114083
0.019839565368634283
0.4210942742592305
0.006080383312885846
0.004707603796870629
0.049299249524731276
0.0711182770746078
0.10190373476562814
0.01996379014276552
0.31267842413875707
0.015117451612097573
0.3221655797504107
0.49595692894007626
0.5534380213278463
0.016121811483567314
0.6408381799079544
0.43894774974693057
0.006993074518365265
0.006882543081720557
0.08460996737654593
0.22293048247365113
0.03590965430084129
0.08316106522629751
0.02186555713837689
0.14291272784174255
0.05698462264874662
0.031742233888082845
0.031228153377059142
0.13785803220164075
0.1470456811963101
0.006906115525506118
0.044383877217927144
0.26652474936189413
0.13376284653153114
0.12185829300901707
0.9253450762328497
0.02238188153522615
0.30991410996525387
0.1816821980617408
0.2935394029042556
0.002709037616595153
0.047306987853800206
0.017468373423427736
0.09452438990693797
0.032710818212082535
0.05615272193987569
0.07745166979285663
0.038501325521448464
0.10656157611246897
0.22703728413027746
0.19905115910087245
0.5788454308587329
0.16600963232488103
0.16847294800225102
0.0067351112217816506
0.0813560870766719
0.042040419968553296
0.05508884319371809
0.6896929093029289
0.3695052916785242
0.06225224309907423
0.2795980991450362
0.012155238998264825
0.011455091511608822
0.017146228887502387
0.056192773163890285
0.01658257922656023
0.024884080993792742
0.0440781088523643
0.08363480966501109
0.00649778349601392
0.01118988978734927
0.04473826196980225
0.14432746992962653
0.37194700256458363
0.03151595491377882
0.016229465426743254
0.020206767320985003
0.005966020523307163
0.05545559603377057
0.2924529750448533
0.6115973679996589
0.12842460150454824
0.01641098765262917
0.014714718174160195
0.2692541535578675
0.11669999592279284
0.4797557781929117
0.03325755193587299
0.014588918832790874
0.4980828436332439
0.0384245987543534
0.026335854501496805
0.06143963594782047
0.006193168555861743
0.0103622674175984
0.21761349494220444
0.6495836002237741
0.282215862434046
0.2572599978931148
0.03737188165537754
0.3429915282535528
0.027228504974447107
0.7907051053862426
0.04666270031862035
0.5224712384252673
0.2354799480958272
0.24783858403963926
0.09476148954788266
0.060073202989322325
0.6761284714293557
0.402232441059795
0.011795199816465679
0.030515674558607937
0.16980873649366882
0.8223846411424558
0.3118837571721937
0.3949461237459103
0.6012193516548344
0.261849332600094
0.09232506946409196
0.01701067246017074
0.06597726350623447
0.020825119727036958
0.11691988677333215
0.7904682485562989
0.1333555384290867
0.8789357194714514
0.335345749719253
0.006432453882273976
0.3874709636776579
0.15161884527473213
0.16147991381414942
0.050214221482733114
0.028911236141199368
0.15365388491360574
0.012234741673927657
0.03928429682924643
0.19922461413392073
0.03194810683043451
0.32960393517385445
0.09896408992944744
0.08532689611626872
0.7448476832781533
0.011356652311334063
0.01764439328767851
0.3645220394402451
0.12203385250539471
0.05214916986484911
0.1405529573041727
0.027408155311894482
0.23560205823579003
0.10280996446192922
0.801243082977284
0.2441425105306241
0.012073584849467335
0.11509671800500773
0.07164310680396478
0.712855954416015
0.6609786392789367
0.04283522468315195
0.3541530004659276
0.11618308791217424
0.907299187693216
0.2678089476517357
0.061185023871579466
0.12176053305150587
0.42813984793415466
0.24493240972892152
0.2239815704149159
0.12161606595870132
0.02543855459858318
0.012526246578992114
0.08075497605699883
0.052215487945078846
0.01537020345436848
0.06919986586510275
0.033725202567821064
0.011263858561357462
0.007151431688733962
0.020782461390089376
0.15686927627024838
0.32664322734209894
0.04751406807084169
0.23443155999549714
0.7232404765965065
0.6435972746016047
0.04967034698098053
0.27409407775788686
0.07878664840459307
0.007580383236075635
0.3114549978180417
0.006299354665075523
0.04438069887712033
0.0041842210933572856
0.07595307057474444
0.305771203457299
0.542957062028765
0.032411751817244594
0.26243714250806116
0.12252809721124647
0.047432656855361625
0.0427890366263777
0.22599853050400195
0.06432066740558613
0.0319017773378829
0.013280936559215821
0.01934989788573139
0.4631659725551418
0.08677052603849364
0.15183451043059004
0.09858793772184485
0.08897844199683347
0.0656372287454072
0.016187223734528453
0.0648072205597765
0.03768904450561314
0.01317809059822736
0.08203066126587259
0.005573662563200885
0.005143152443895588
0.012536017993786895
0.008568179579664879
0.02377805466542838
0.03332855022159777
0.12652099615445975
0.5442990937145612
0.679240824741219
0.4991509864830749
0.22382156399636405
0.019356370241416454
0.23966584559824555
0.0022583942868185966
0.18045056484199903
0.10776862353459514
0.026754635897687513
0.08938868964855047
0.29741559142761964
0.019676736242017604
0.02423979640057914
0.018220667355952038
0.1275588182089523
0.01384746507519794
0.6379295626731236
0.11832898978841162
0.11889775267612042
0.31198808052120314
0.023000223363958048
0.029508558305727954
0.04000759374970318
0.42358784717646425
0.22676110266922647
0.2311553431724187
0.040541884484718425
0.03175175580809015
0.010714704594754033
0.30411325002222167
0.1111411653516895
0.5386059375342389
0.007767731598090009
0.10396386944912826
0.3027624667642472
0.2180293110848106
0.7075018975716594
0.31332949719425157
0.3409819953035632
0.10672252226288592
0.11766782257079948
0.1688776203696366
0.07786620041626144
0.008357303887908344
0.6838478977093454
0.2238329215528282
0.07301771959884895
0.07799063051386262
0.009117232355779867
0.006757452722176372
0.04172074794267091
0.3685757160958504
0.13046627470704847
0.7083218706560779
0.37291022160595966
0.3099047675975935
0.069200928472342
0.9725890238062984
0.13808484686295905
0.85317213123434
0.7227992504775004
0.16765574039848152
0.04741007157753886
0.2810218214410684
0.2889578516271947
0.05379475687885596
0.030880155983136082
0.05626402737156903
0.12660229545281493
0.011101278729898714
0.006371065525557714
0.012004365747994211
0.3426082988131616
0.1377344248856254
0.24717478246222602
0.1325705647100324
0.22750736867430002
0.08736656315342113
0.5499631662790513
0.40939002857594925
0.046604339797543824
0.08633036970860208
0.0619413481854147
0.027216556714367082
0.0769144329112299
0.009705761731160584
0.027517315911110108
0.3037701610296528
0.24710230531850727
0.11468530409445281
0.0333113769493928
0.5302347976507519
0.3754071209088129
0.0027104525247511253
0.14580242901672977
0.3337079573363809
0.3536945333746625
0.0262365006284546
0.08467781258024724
0.1278671199473127
0.8918365851590849
0.4944636377352315
0.12238525211659347
0.6584271473249694
0.21816524491576114
0.014080314050932265
0.06692860980603724
0.009807162461971384
0.04521800101686164
0.1944568186990617
0.34799112297847146
0.6510256515787067
0.23923366352823866
0.3240095782720535
0.05200589811720037
0.05336717949529358
0.06319551411954963
0.4964789187321683
0.0155693703081514
0.004766006046160987
0.49124552847092723
0.020495511622050152
0.34290859300176885
0.004793708255469085
0.14617488707997603
0.10564561643485246
0.7422726763741914
0.09523988912499108
0.03569000462500464
0.46270608405618313
0.3044404662914321
0.06503677837071184
0.4636855431145614
0.6557099081352545
0.11247596473474882
0.161920952823584
0.3619650396163612
0.4025594058307096
0.04534862209395878
0.0998803260953601
0.19797899223096854
0.45588346522488016
0.09422885741109843
0.3153182874031761
0.39956645912305294
0.39130789620655565
0.11788328795101839
0.5620195896375959
0.06182486019853432
0.5746609956071644
0.01171141438367889
0.3082245582802796
0.07160227148953024
0.553066963564572
0.2754449696407032
0.2619853444821024
0.2592478551874449
0.0495838325504552
0.0871710135384824
0.0648259226381029
0.48844412123593656
0.33520599909670673
0.02879184839550254
0.22941044606002653
0.018151978115804254
0.006807042580271615
0.09237246915011056
0.20556272313475749
0.011305769400930754
0.07530579962044875
0.03439880308592641
0.05930375173371476
0.04423208016104495
0.15151128939860017
0.5730035271493698
0.04192951613378444
0.16083447647908805
0.04848971052986127
0.6700422398884922
0.002863428478405711
0.007434940536260299
0.02839634073448914
0.433532451610593
0.03163448597601316
0.20964659869634994
0.03794504508764449
0.14901170040226489
0.7112540164708213
0.18979981509940003
0.035182969770610084
0.7886192876147656
0.05846986342811973
0.0024574066104936228
0.19445377091036317
0.39963490412576835
0.07408059309959056
0.7998783806295697
0.16597955245264967
0.5911757918681947
0.013410190249446117
0.08894882288038346
0.18427066894607413
0.03388392835734912
0.0301290024188176
0.3818425032649441
0.051396099542250544
0.3505431662289906
0.012666560462208678
0.024397291788927897
0.03097886064102979
0.005913493317443191
0.014984281588817906
0.19350726950623162
0.17657893156087487
0.023895708772018298
0.4274804478821149
0.19792866973024129
0.1797469824366456
0.1551598109071786
0.18748462251997675
0.038542592734115526
0.24531681402022293
0.06595741163317989
0.07166938833063295
0.006163386548719445
0.16147125488286537
0.008722321438846103
0.008932569394410853
0.28622060886515155
0.2760026357517705
0.07624023169382779
0.7967984910932588
0.019112347108523615
0.07536220558977384
0.7486431459017372
0.072774692168119
0.4847858612752984
0.0468836566808909
0.2732771179717195
0.023582481308162092
0.5210957937943278
0.578342396399775
0.021118190864343314
0.3171416299729364
0.039085676303849015
0.4593324446837555
0.002243505489991283
0.27826980900367954
0.5394036947755845
0.8037521563886624
0.48684856551170314
0.28670381325444716
0.6725670964792987
0.46301319173800143
0.0507475270806781
0.027757847759653925
0.17813040865758678
0.019414326269394763
0.24009986027531635
0.015994955513674868
0.07748698502737844
0.19305765897729957
0.010645858933745892
0.24511596701007177
0.0455509836445982
0.042336195397591
0.32789939388570555
0.026317805131601542
0.3098348640236518
0.058754657039760814
0.08781697576541943
0.14014290973519347
0.16725048346004234
0.03109630487675381
0.05673451990742184
0.1829377622508095
0.1066774630171384
0.1539806873412573
0.9517758482546065
0.8855129576704199
0.30226402524201246
0.5407113499476763
0.5966419333304449
0.3926183914551398
0.6276252066427546
0.6246756988782651
0.1096361861204702
0.40265051912981836
0.18207650129136171
0.016208935406285024
0.05947032087094985
0.2530930912495642
0.6160881580203496
0.01140767138890459
0.31520891445947213
0.060509691584570605
0.2771612939104955
0.298027320066247
0.01133968438932628
0.4594900332621518
0.2996561925332308
0.03836057934659572
0.11405276940391325
0.44891352374673893
0.15022252798834396
0.026635941045368584
0.013246171231616229
0.012299687681006359
0.09476654086474533
0.17841857965527863
0.09299252430499273
0.20071133789591675
0.02032776040894106
0.00916997888693704
0.09377856795788543
0.01802921759492768
0.12554656748970397
0.40205968865151254
0.38291040495713197
0.08877279341729627
0.06043103796827841
0.020810150668217814
0.005592858356559595
0.10710170283505854
0.017119771641565126
0.07070527709080887
0.26123905854937524
0.027781279746414315
0.016066452156336994
0.09430722282352512
0.01610624397009394
0.060432798157617394
0.025840756452655912
0.09824246443353413
0.03851603547198427
0.19298370636675924
0.5924608086812793
0.060144625632749575
0.6611870123402966
0.2927902797591138
0.06874124676136502
0.026161420775890468
0.009225696653889958
0.02432765703007228
0.052505208837030165
0.12700048266868214
0.7847553195806977
0.7477404480139608
0.02092750002086444
0.02229076839037489
0.08907656683306263
0.06715323205488555
0.2855528616714719
0.22328111843304313
0.7929589842542781
0.0038291876517629517
0.18276920948614844
0.06360501988197154
0.37707226426958934
0.6909991516458039
0.8028371728068361
0.10137511475128856
0.017646166891044784
0.008622464011423702
0.035191690424443
0.11411709159649516
0.0022484913783056386
0.6909035393764854
0.24945952481117284
0.31947671576744685
0.4269134055361439
0.10937568662935572
0.028754544318455255
0.49871135804909444
0.3798860561173622
0.09738640027411517
0.025758273887884535
0.007030779643765363
0.006033695482180422
0.039799778667817344
0.7728738200441712
0.013457327837404744
0.3676827207336726
0.5531366881961749
0.28916799608042965
0.07904847344853877
0.054469874623933136
0.42086605157259493
0.253738433242742
0.22329667943332412
0.18474480141694835
0.499942994841977
0.8318082474333011
0.1250155732444878
0.03137598393839544
0.03214329500835898
0.008554898402078669
0.20332581786727086
0.00901130021823566
0.10183423452764115
0.058190316241775834
0.08795384799855956
0.10718160748477702
0.02140699227512043
0.04872651569548242
0.006100110995902591
0.16324571824041356
0.047047180279664855
0.04038852574581488
0.32845581822791836
0.24393884238076613
0.02336327321269019
0.0410300767251595
0.017929616018135686
0.0335126013957936
0.4712956533156265
0.7028408788184858
0.02744380708379834
0.19618414634111594
0.04343920202601321
0.05701620906123582
0.012279466526441848
0.51273101788905
0.004554813929025833
0.0553978307302076
0.3229735872509085
0.01796732104032619
0.0076415816563073944
0.006857057567413663
0.005019695823391819
0.12320434988623549
0.6636291040363138
0.07552931040803063
0.2245377620757206
0.5948190997742859
0.7708724153976042
0.3504289634726114
0.03879401005867887
0.42406234505043733
0.1139072544295098
0.13186415744778962
0.227592440144355
0.08031198004866306
0.021100267394177967
0.002875265805656631
0.008164477496782256
0.019081966217549505
0.07416932457545117
0.029872618896702535
0.13668279624240584
0.08321830657056282
0.02747629339234358
0.15703002749716363
0.6449377658072608
0.2578099892820504
0.44174471210322247
0.10219771869918276
0.10038095476448941
0.03409577880316964
0.0834603022840501
0.036720349944095274
0.1767383918191826
0.14058879349223927
0.08520187252787592
0.13042519782741882
0.4106529630589474
0.011457373841795154
0.00930185648177671
0.010586171751897414
0.33991313992870026
0.019049555110133762
0.2844660132743413
0.01748872941823078
0.13474685640107362
0.4545310248910057
0.027382177438942997
0.0338609251242924
0.18299133507061316
0.32155719713712166
0.46962225271196145
0.16512893210986626
0.021331184678484303
0.03774292445579927
0.07451157927496349
0.024040936926712404
0.04536721201760745
0.007820341407357637
0.019280169807894192
0.579405540425394
0.019354648368930034
0.6983047751437191
0.6437751891628386
0.7000788801610864
0.006729936066559429
0.14342669170176267
0.06168121586739164
0.03571037584695384
0.0951040238651995
0.5691477582360897
0.02112935563994493
0.7529437475709964
0.1302296459245965
0.25017502067308706
0.02355835514561677
0.009011686687974503
0.08534221933060238
0.015456987365455368
0.40361365211390876
0.49261936209054363
0.05916311444945112
0.017683099170315707
0.31554296563692724
0.007666667748428363
0.26961592556217184
0.08630046559342354
0.005743504032706829
0.05725479486835372
0.030326133674013687
0.16999455740906827
0.15034150899803647
0.4244166855826079
0.8542638895560293
0.07333595588475735
0.18773328521759353
0.2722881555371431
0.08810897706805905
0.4878204580588894
0.7929419798167605
0.07016338846176041
0.7818614500553204
0.10620589696831463
0.09511186673052889
0.9933707728092451
0.3322506542360768
0.2818370370599848
0.03685539101261165
0.02186561818325636
0.12531334175206887
0.027501998699553006
0.014297388651646184
0.034881895676745565
0.11419081339916588
0.4638296146986693
0.2374019042882892
0.5568512854023349
0.014543599767842691
0.14037703517217018
0.1496925548811379
0.38098926825364005
0.688864749196909
0.4232727184745142
0.824247405694449
0.0887113799883541
0.19502153143970816
0.0942909006881095
0.2489428969544369
0.1336481852663531
0.1616077112378499
0.01531501795646653
0.8570643956909779
0.8459593566748244
0.7399178395152282
0.7284001504455464
0.5883931561849258
0.7780126785601373
0.6447582123887496
0.5972871290523989
0.8148579081158298
0.7381899392297389
0.7527618105940148
0.6952086984330029
0.7825660039046062
0.8927425690194908
0.6543072712911253
0.031036331080560167
0.7552721542695316
0.7446185221818244
0.8047295957733807
0.5310847406753286
0.8709144147648314
0.5288291493763524
0.9757092693191111
0.6986264655794986
0.7213844726159382
0.32239207692585936
0.5469151226269333
0.32847580638516344
0.022447175450212686
0.8123224127022366
0.5427021140964335
0.42031758484432086
0.9977772606816874
0.999441636626855
0.9987572015565843
0.07962927576622601
0.08389890559374782
0.5883880377388113
0.048689428438227586
0.980803114856496
0.4167024166839498
0.9997148080124755
0.6470436701714177
0.823667819730709
0.9990505063574611
0.9872277954390136
0.7322941216917811
0.7684847686452811
0.7162362502083144
0.8154010274769145
0.8457782776487951
0.07445907283296356
0.9079340683415338
0.7200973933666474
0.9642845419570999
0.9422716788426899
0.4002796012565812
0.7400226225158779
0.9821868009673541
0.7516759352926798
0.6523759254891262
0.7537529378901989
0.0809464493918615
0.22607485623030812
0.535397657854314
0.6475003998978051
0.9475269909298604
0.011307004364022885
0.013303448341291301
0.1338123361240913
0.7786394550803303
0.9441634590511301
0.6929290520794665
0.5969458355333307
0.7077070625132504
0.6464346302093638
0.6400502803809024
0.6772985913746971
0.8107578993760846
0.8487042887679974
0.3557947845455741
0.5691983347092399
0.9994697118384455
0.47170804427316937
0.7773021788259716
0.5818324135053524
0.5845638177629765
0.18135870885848782
0.2564270301612163
0.21576248257514133
0.3432524919014238
0.09432667540866492
0.016604806693477116
0.9262067697495261
0.9159384877690872
0.8412623915310764
0.2057508206532417
0.9596956222543925
0.9884325717255441
0.7801606941077455
0.8671794847035705
0.2572792674760399
0.990307490976824
0.9939893370667044
0.9987947967979682
0.9980445621306739
0.3464760550433611
0.11687622586597772
0.6332556589595131
0.9978469082828902
0.7636934490319341
0.9995692638486315
0.017075695069097098
0.3392543261555798
0.9132998118144704
0.9361696369199223
0.41040723370655374
0.9759937843424699
0.8543698481478346
0.6453892363931846
0.8313236234021044
0.8501184674712211
0.7277192720587947
0.7059945777815247
0.8034288171570618
0.520058376363297
0.02747755350373852
0.41943302684636885
0.22713455428989157
0.1497121077521821
0.027004159933803108
0.007642317989788639
0.027973129677153374
0.010437266246868493
0.6446343495304226
0.6947413033148438
0.14723052600011777
0.014769433333505775
0.300582564639882
0.8317643874926959
0.7860695148359345
0.7968357443081745
0.5011907527857987
0.7376795525451204
0.7405204803930177
0.17574506272396637
0.19432090735733212
0.9181620172324756
0.5941592516319447
0.9249557951384181
0.7525420460662575
0.4757674888842971
0.32207897026720894
0.4642949867036746
0.8198435872553052
0.7434973716415043
0.7138439407767874
0.658599798097311
0.3021454721343846
0.8280570786475093
0.3985901978481262
0.8023403117162848
0.8242619942052497
0.16232482631804745
0.32751822691711036
0.3200229062322624
0.7535233493454476
0.8626734856640292
0.7183458123685108
0.7411019592649295
0.803900023788054
0.5927227535159313
0.9966655408931206
0.9319698437664631
0.2527561686925187
0.010907588240927512
0.85602408547155
0.6168048650122641
0.8994986735714382
0.4034457299879843
0.866255091387481
0.03577496306442913
0.06178031765083466
0.28886981575710835
0.6815736154087163
0.6063951498854544
0.5940650441800274
0.36487871108570563
0.4224972258369726
0.565638274955552
0.3682126095875781
0.5125005527893092
0.24044185769808887
0.37956349775243303
0.7232311501364618
0.6764767711223602
0.577903619039258
0.5763034953344485
0.291005200260921
0.3768773168667622
0.8428390023680001
0.355488572360497
0.9971162816126954
0.9976309277859071
0.49177893050016663
0.9976642802592219
0.4749947224037312
0.45651498945229385
0.8495151804460508
0.772634699365327
0.881195246240082
0.5478988972484063
0.71439224983138
0.3437989001862197
0.8900059560035265
0.7383188757379652
0.02655285189524058
0.12038594529047275
0.619807532885733
0.29873870978451256
0.9976440246249171
0.9951267331843086
0.9195768864425119
0.7098203755863121
0.47598216635608726
0.9928793851348259
0.9907636680100703
0.8857776386253136
0.8523905694272994
0.427806480625631
0.08902206241131655
0.9890510670290668
0.8357480535930433
0.7606486899764227
0.03816791960096776
0.920288380789578
0.9240075848610575
0.10611839156314108
0.5797711544597697
0.5452258645061087
0.725666953846154
0.5910017100455778
0.7947030669616943
0.3930856715060749
0.2132962089816679
0.7231109889999637
0.9385657559303385
0.9777055977334514
0.9059076880889205
0.9820136492807338
0.9283081970582678
0.9692219556947613
0.6170970892312492
0.038298652947675524
0.6287355387471666
0.06060235832276372
0.9819570722493994
0.9006267669201584
0.6115386851775013
0.8029405996868945
0.6790492798313905
0.7336366142884925
0.5301688726503321
0.2586315383144475
0.8334068641084525
0.6310469503802448
0.20439665447197103
0.8579408898380003
0.8868822782352845
0.8341671427310524
0.8458149776300223
0.33590045921795336
0.6570014822755023
0.6437587586204832
0.9773124257949182
0.8455327342546807
0.9359529586049871
0.27336981177460623
0.6379152400256223
0.6503889295234148
0.479958182289468
0.894601081758197
0.8263916336003106
0.3573514077637172
0.9983311810023631
0.999772087206519
0.9994567697563006
0.9766156448967672
0.13394193031961335
0.2490674731359044
0.32666087033269403
0.4983893162902574
0.30533580844394614
0.08015104731976917
0.9799791824908102
0.9988262383007689
0.9972505007752458
0.7270135200783768
0.7676771392148336
0.7350570870681402
0.8358964542227686
0.7588634409085386
0.6952470702468265
0.6924756662844328
0.5175302546072965
0.4756353076629393
0.7139390698878211
0.9796151035504121
0.9880448294078416
0.9970955596660545
0.9964905348922135
0.9821868009673541
0.9360011462035728
0.8881776005988832
0.8878313964075576
0.9915560663062722
0.6689644523263742
0.5302708209046497
0.962295924855768
0.9753593321710798
0.9941661671139058
0.6950631817130228
0.8547998855521953
0.953154438297936
0.1501076894769497
0.9868533125903661
0.9842531545704475
0.9996654140652539
0.9970572265983484
0.920666987635576
0.20714916807464764
0.9037555559799167
0.33949549196920514
0.08548240412341003
0.3141324582688663
0.9964459431959999
0.035633430308316574
0.1913252473419601
0.15418324569555789
0.0912755045952464
0.21348645589444054
0.8119586072103174
0.49308468080619167
0.8818131831581996
0.7973494201961382
0.759239670698147
0.9179016277865905
0.07131876170418734
0.983522580416893
0.30860528558107614
0.07999847121372142
0.47274900306034445
0.064955437523148
0.3237279559043067
0.8415579424690405
0.806216193103389
0.021291030448999947
0.33740251842291713
0.9990754946241105
0.998135194063061
0.907084250086384
0.9971789395344555
